Detector: triplane_cnn
Area Under ROC (overall): 0.9999971367215462
# benign: 1000    # malign: 4191

AUC by adversary (all benign vs that adversary's malign, weakest detection first):
  faceswap                         AUC=1.0000  (# malign: 700)
  tetwild                          AUC=1.0000  (# malign: 691)
  degenerate                       AUC=1.0000  (# malign: 700)
  rigid                            AUC=1.0000  (# malign: 700)
  disconnected                     AUC=1.0000  (# malign: 700)
  jitter                           AUC=1.0000  (# malign: 700)

Overall ROC curve:
False Positive Rates 0.0, 0.0, 0.0, 0.0, 0.0, 0.0, 0.0, 0.0, 0.0, 0.0, 0.0, 0.0, 0.0, 0.0, 0.0, 0.0, 0.0, 0.0, 0.0, 0.0, 0.0, 0.0, 0.0, 0.0, 0.0, 0.0, 0.0, 0.0, 0.0, 0.0, 0.0, 0.0, 0.0, 0.0, 0.0, 0.0, 0.0, 0.0, 0.0, 0.0, 0.0, 0.0, 0.0, 0.0, 0.0, 0.0, 0.0, 0.0, 0.0, 0.0, 0.0, 0.0, 0.0, 0.0, 0.0, 0.0, 0.0, 0.0, 0.0, 0.0, 0.0, 0.0, 0.0, 0.0, 0.0, 0.0, 0.0, 0.0, 0.0, 0.0, 0.0, 0.0, 0.0, 0.0, 0.0, 0.0, 0.0, 0.0, 0.0, 0.0, 0.0, 0.0, 0.0, 0.0, 0.0, 0.0, 0.0, 0.0, 0.0, 0.0, 0.0, 0.0, 0.0, 0.0, 0.0, 0.0, 0.0, 0.0, 0.0, 0.0, 0.0, 0.0, 0.0, 0.0, 0.0, 0.0, 0.0, 0.0, 0.0, 0.0, 0.0, 0.0, 0.0, 0.0, 0.0, 0.0, 0.0, 0.0, 0.0, 0.0, 0.0, 0.0, 0.0, 0.0, 0.0, 0.0, 0.0, 0.0, 0.0, 0.0, 0.0, 0.0, 0.0, 0.0, 0.0, 0.0, 0.0, 0.0, 0.0, 0.0, 0.0, 0.0, 0.0, 0.0, 0.0, 0.0, 0.0, 0.0, 0.0, 0.0, 0.0, 0.0, 0.0, 0.0, 0.0, 0.0, 0.0, 0.0, 0.0, 0.0, 0.0, 0.0, 0.0, 0.0, 0.0, 0.0, 0.0, 0.0, 0.0, 0.0, 0.0, 0.0, 0.0, 0.0, 0.0, 0.0, 0.0, 0.0, 0.0, 0.0, 0.0, 0.0, 0.0, 0.0, 0.0, 0.0, 0.0, 0.0, 0.0, 0.0, 0.0, 0.0, 0.0, 0.0, 0.0, 0.0, 0.0, 0.0, 0.0, 0.0, 0.0, 0.0, 0.0, 0.0, 0.0, 0.0, 0.0, 0.0, 0.0, 0.0, 0.0, 0.0, 0.0, 0.0, 0.0, 0.0, 0.0, 0.0, 0.0, 0.0, 0.0, 0.0, 0.0, 0.0, 0.0, 0.0, 0.0, 0.0, 0.0, 0.0, 0.0, 0.0, 0.0, 0.0, 0.0, 0.0, 0.0, 0.0, 0.0, 0.0, 0.0, 0.0, 0.0, 0.0, 0.0, 0.0, 0.0, 0.0, 0.0, 0.0, 0.0, 0.0, 0.0, 0.0, 0.0, 0.0, 0.0, 0.0, 0.0, 0.0, 0.0, 0.0, 0.0, 0.0, 0.0, 0.0, 0.0, 0.0, 0.0, 0.0, 0.0, 0.0, 0.0, 0.0, 0.0, 0.0, 0.0, 0.0, 0.0, 0.0, 0.0, 0.0, 0.0, 0.0, 0.0, 0.0, 0.0, 0.0, 0.0, 0.0, 0.001, 0.001, 0.003, 0.003, 0.528, 0.53, 0.751, 0.753, 0.992, 1.0
True Positive Rates 0.0, 0.00023860653781913624, 0.00381770460510618, 0.004294917680744453, 0.004772130756382725, 0.005249343832020997, 0.00572655690765927, 0.006442376521116679, 0.008112622285850633, 0.008589835361488905, 0.00882844189930804, 0.02672393223574326, 0.02720114531138153, 0.028155571462658076, 0.030303030303030304, 0.030780243378668574, 0.031257456454306845, 0.03173466952994512, 0.031973276067764254, 0.049868766404199474, 0.05010737294201861, 0.050584586017656884, 0.05082319255547602, 0.06871868289191124, 0.06967310904318778, 0.07015032211882606, 0.07158196134574088, 0.07205917442137914, 0.07229778095919828, 0.07277499403483656, 0.0737294201861131, 0.07420663326175138, 0.0744452397995705, 0.07492245287520878, 0.07516105941302792, 0.07563827248866618, 0.0763540921021236, 0.07683130517776188, 0.07754712479121928, 0.07826294440467668, 0.07874015748031496, 0.08208064900978287, 0.08279646862324028, 0.08470532092579337, 0.10283941780004772, 0.10307802433786686, 0.10355523741350513, 0.10379384395132427, 0.10450966356478167, 0.10498687664041995, 0.10594130279169649, 0.10641851586733476, 0.10689572894297304, 0.10713433548079217, 0.12502982581722738, 0.12550703889286566, 0.12598425196850394, 0.12717728465759962, 0.1276544977332379, 0.1309949892627058, 0.13147220233834406, 0.1329038415652589, 0.13338105464089717, 0.13385826771653545, 0.13481269386781197, 0.1362443330947268, 0.1376759723216416, 0.13791457885946076, 0.15581006919589596, 0.1572417084228108, 0.15771892149844904, 0.1579575280362682, 0.15843474111190647, 0.16010498687664043, 0.16153662610355524, 0.16201383917919351, 0.16272965879265092, 0.16296826533047004, 0.16344547840610832, 0.16368408494392747, 0.16416129801956575, 0.16439990455738487, 0.16511572417084228, 0.16559293724648055, 0.16702457647339536, 0.16750178954903364, 0.16869482223812932, 0.1691720353137676, 0.16964924838940587, 0.17012646146504415, 0.17036506800286327, 0.17084228107850155, 0.17131949415413983, 0.17227392030541636, 0.17275113338105463, 0.19064662371748986, 0.19160104986876642, 0.20973514674302077, 0.22763063707945597, 0.2283464566929134, 0.22882366976855165, 0.2290622763063708, 0.24719637318062515, 0.24767358625626343, 0.24838940586972083, 0.24910522548317823, 0.24934383202099739, 0.24982104509663564, 0.25005965163445476, 0.25053686471009307, 0.2507754712479122, 0.2517298973991887, 0.2567406346933906, 0.2572178477690289, 0.2579336673824863, 0.2586494869959437, 0.25960391314722026, 0.2600811262228585, 0.26055833929849676, 0.2619899785254116, 0.26246719160104987, 0.2629444046766881, 0.2636602242901456, 0.2641374373657838, 0.2646146504414221, 0.2648532569792412, 0.26533047005487953, 0.2655690765926986, 0.26604628966833693, 0.26628489620615603, 0.26676210928179434, 0.26747792889525174, 0.28608923884514437, 0.2865664519207826, 0.28728227153424, 0.2879980911476974, 0.32402767835838703, 0.3245048914340253, 0.3252207110474827, 0.325697924123121, 0.32617513719875924, 0.32665235027439754, 0.32760677642567404, 0.32879980911476975, 0.329277022190408, 0.3297542352660463, 0.33023144834168455, 0.3319016941064185, 0.3323789071820568, 0.3333333333333333, 0.3338105464089716, 0.33428775948460987, 0.3350035790980673, 0.3359580052493438, 0.336196611787163, 0.33667382486280123, 0.33738964447625863, 0.3390598902409926, 0.3395371033166309, 0.3404915294679074, 0.34192316869482225, 0.34979718444285374, 0.35122882366976854, 0.3540921021235982, 0.35456931519923646, 0.35576234788833216, 0.3562395609639704, 0.35647816750178957, 0.35719398711524697, 0.35790980672870437, 0.3583870198043426, 0.36029587210689573, 0.36101169172035313, 0.36244333094726794, 0.36292054402290624, 0.3674540682414698, 0.3681698878549272, 0.369601527081842, 0.38749701741827725, 0.38869005010737295, 0.3891672631830112, 0.39012168933428776, 0.390598902409926, 0.39727988546886184, 0.39775709854450014, 0.39799570508231924, 0.39847291815795755, 0.39871152469577664, 0.3996659508470532, 0.40181340968742546, 0.40276783583870196, 0.4049152946790742, 0.40539250775471247, 0.4068241469816273, 0.4073013600572656, 0.4094488188976378, 0.4099260319732761, 0.41326652350274395, 0.41374373657838226, 0.4149367692674779, 0.4154139823431162, 0.41732283464566927, 0.4178000477213076, 0.42233357193987114, 0.42281078501550945, 0.4254354569315199, 0.4259126700071582, 0.42710570269625386, 0.42758291577189217, 0.4280601288475304, 0.42853734192316867, 0.4309234073013601, 0.43140062037699833, 0.4359341445955619, 0.4366499642090193, 0.4404676688141255, 0.4409448818897638, 0.4414220949654021, 0.44189930804104033, 0.44380816034359344, 0.4442853734192317, 0.44476258649486994, 0.46265807683130517, 0.46337389644476257, 0.4812693867811978, 0.4853256979241231, 0.4858029109997614, 0.49009782868050583, 0.4910522548317824, 0.49486995943688855, 0.49534717251252686, 0.49606299212598426, 0.4965402052016225, 0.499164877117633, 0.49964209019327127, 0.4998806967310904, 0.5177761870675256, 0.5182534001431639, 0.5187306132188022, 0.5275590551181102, 0.5454545454545454, 0.5466475781436412, 0.5471247912192794, 0.5509424958243856, 0.5688379861608208, 0.5719398711524696, 0.5724170842281079, 0.57456454306848, 0.5750417561441183, 0.5757575757575758, 0.576234788833214, 0.5841088045812455, 0.5845860176568838, 0.5926986399427344, 0.5931758530183727, 0.616559293724648, 0.6344547840610832, 0.6420901932712957, 0.6425674063469339, 0.6463851109520401, 0.6468623240276784, 0.6492483894058697, 0.649725602481508, 0.6516344547840611, 0.6695299451204964, 0.6697685516583154, 0.6702457647339537, 0.6790742066332618, 0.6795514197089, 0.683130517776187, 0.6836077308518254, 0.6890956812216654, 0.7069911715581007, 0.7093772369362921, 0.7272727272727273, 0.7277499403483656, 0.7282271534240038, 0.7363397757098544, 0.7542352660462897, 0.7675972321641613, 0.7854927225005965, 0.7888332140300645, 0.8067287043664997, 0.8460987831066571, 0.8639942734430923, 0.8685277976616559, 0.8690050107372942, 0.9028871391076115, 0.9207826294440468, 0.9980911476974469, 0.9980911476974469, 0.9995227869243617, 0.9995227869243617, 1.0, 1.0, 1.0, 1.0, 1.0, 1.0, 1.0
Thresholds inf, 0.9999810854593912, 0.9999757210413615, 0.9999756813049316, 0.9999754627545675, 0.9999751249949137, 0.9999750852584839, 0.9999750653902689, 0.999974807103475, 0.9999747077624003, 0.9999746878941854, 0.9999746481577555, 0.9999745488166809, 0.9999744097391764, 0.999973992506663, 0.9999737739562988, 0.9999735355377197, 0.9999734958012899, 0.99997345606486, 0.9999733964602152, 0.9999732772509257, 0.9999732375144958, 0.9999732176462809, 0.9999731779098511, 0.999972939491272, 0.9999728997548422, 0.9999726613362631, 0.9999726414680481, 0.9999726215998331, 0.9999724626541138, 0.9999722838401794, 0.9999721844991049, 0.9999721050262451, 0.9999720851580302, 0.9999720255533854, 0.9999719063440958, 0.9999718070030212, 0.9999717076619467, 0.9999715685844421, 0.9999715487162272, 0.9999715288480123, 0.9999709328015646, 0.9999707937240601, 0.999970535437266, 0.9999705155690511, 0.9999704758326212, 0.9999704162279764, 0.9999703764915466, 0.9999703566233317, 0.9999703168869019, 0.9999700784683228, 0.9999699195226034, 0.9999698996543884, 0.9999697009722391, 0.9999696413675944, 0.9999695420265198, 0.9999695221583048, 0.9999692241350809, 0.9999691843986511, 0.9999682903289795, 0.9999682307243347, 0.9999679327011108, 0.9999676942825317, 0.999967614809672, 0.9999675353368124, 0.9999671578407288, 0.9999670187632242, 0.9999669988950094, 0.9999669591585795, 0.9999667207400004, 0.9999666611353556, 0.9999666412671407, 0.9999666015307108, 0.9999663233757019, 0.9999661644299825, 0.9999660650889078, 0.999966045220693, 0.9999659856160482, 0.9999659458796183, 0.9999658068021139, 0.999965767065684, 0.9999657471974691, 0.9999657273292542, 0.9999656677246094, 0.9999653895696005, 0.9999653299649557, 0.9999649326006571, 0.9999649127324423, 0.9999648729960123, 0.9999648531277975, 0.9999648332595825, 0.9999648133913676, 0.999964714050293, 0.9999646743138632, 0.9999645551045736, 0.9999644954999288, 0.9999642769495646, 0.9999642372131348, 0.9999641180038452, 0.9999640186627706, 0.9999639391899109, 0.9999638597170512, 0.9999637405077616, 0.9999636809031168, 0.9999636014302572, 0.9999635616938273, 0.9999635219573975, 0.9999635020891825, 0.9999634822209676, 0.9999634226163229, 0.9999633630116781, 0.9999633034070333, 0.9999624093373617, 0.9999623696009318, 0.999962329864502, 0.9999621510505676, 0.999962051709493, 0.9999619722366333, 0.9999619325002035, 0.9999616940816244, 0.9999616742134094, 0.9999615152676901, 0.9999614953994751, 0.9999614556630453, 0.9999614159266154, 0.9999613761901855, 0.9999613563219706, 0.9999613364537557, 0.999961237112681, 0.9999611973762512, 0.9999611775080363, 0.9999610980351766, 0.9999610582987467, 0.9999610384305319, 0.9999609986941019, 0.9999608993530273, 0.9999608794848124, 0.9999608397483826, 0.9999607801437378, 0.999960720539093, 0.9999606013298035, 0.9999605019887289, 0.999960462252299, 0.9999602238337199, 0.9999601046244303, 0.9999599655469259, 0.9999599456787109, 0.9999597469965616, 0.9999597072601318, 0.9999594887097677, 0.9999594688415527, 0.999959409236908, 0.9999593695004781, 0.9999592701594034, 0.9999591906865438, 0.9999590714772543, 0.9999589920043945, 0.9999585747718811, 0.9999584952990214, 0.9999581972757975, 0.9999580581982931, 0.999956488609314, 0.9999563296635946, 0.9999554753303528, 0.9999554554621378, 0.9999549786249796, 0.9999549388885498, 0.999954879283905, 0.9999548395474752, 0.9999547203381857, 0.9999547004699707, 0.9999539653460184, 0.9999539256095886, 0.9999537269274393, 0.9999537070592245, 0.9999526739120483, 0.9999526341756185, 0.9999521573384603, 0.9999520381291708, 0.999951700369517, 0.9999515612920126, 0.999951183795929, 0.9999511440594991, 0.9999489386876425, 0.9999487996101379, 0.999948779741923, 0.9999487400054932, 0.9999486605326334, 0.999948521455129, 0.9999479452768961, 0.9999478061993917, 0.9999468922615051, 0.999946673711141, 0.9999462962150574, 0.9999459783236185, 0.9999447266260783, 0.9999446272850037, 0.9999433557192484, 0.9999432563781738, 0.9999427795410156, 0.9999426205952963, 0.9999421040217081, 0.9999420642852783, 0.9999397397041321, 0.9999396006266276, 0.9999383290608724, 0.9999378522237142, 0.9999374349912008, 0.9999372561772665, 0.9999369780222574, 0.9999367992083231, 0.9999357461929321, 0.9999357064565023, 0.9999326864878336, 0.9999326467514038, 0.9999300440152487, 0.9999300241470337, 0.9999298453330994, 0.9999295473098755, 0.9999283154805502, 0.9999282956123352, 0.9999281962712606, 0.9999279379844666, 0.9999276002248129, 0.9999275008837382, 0.9999248186747233, 0.9999243418375651, 0.9999212423960367, 0.9999209443728129, 0.9999178250630697, 0.9999178051948547, 0.9999170104662577, 0.9999168912569681, 0.9999148646990458, 0.9999147057533264, 0.9999146064122518, 0.999914268652598, 0.9999139507611593, 0.9999135533968607, 0.9999064008394877, 0.9999062220255533, 0.9999046723047892, 0.99990447362264, 0.9999022682507833, 0.9999017119407654, 0.9999001820882162, 0.9999001224835714, 0.9998987317085266, 0.9998984734217325, 0.9998976786931356, 0.9998976588249207, 0.9998911221822103, 0.9998909632364908, 0.9998842279116312, 0.9998839497566223, 0.9998528758684794, 0.99985271692276, 0.9998437960942587, 0.9998436570167542, 0.9998382329940796, 0.9998381932576498, 0.9998346169789633, 0.9998345375061035, 0.9998315374056498, 0.9998300274213155, 0.9998298088709513, 0.9998289346694946, 0.9998086293538412, 0.9998081723848978, 0.9997952381769816, 0.999795118967692, 0.9997827013333639, 0.9997818072636923, 0.999772290388743, 0.9997698863347372, 0.9997682174046835, 0.9997668862342834, 0.9997385740280151, 0.9997385541598002, 0.9996927579243978, 0.9996925592422485, 0.9996650815010071, 0.9996644655863444, 0.9993484616279602, 0.9993474284807841, 0.9992931683858236, 0.9992846250534058, 0.9984596570332845, 0.9984423716862997, 0.8535493810971578, 0.7763861020406088, 0.5647950967152914, 0.488487184047699, 0.3717588931322098, 2.5064275481175475e-05, 2.5054175542512287e-05, 1.5084809698843552e-05, 1.5059962303591115e-05, 6.886679670969897e-07, 0.0
