Detector: laplacian_spectrum
Area Under ROC (overall): 0.9999980911476974
# benign: 1000    # malign: 4191

AUC by adversary (all benign vs that adversary's malign, weakest detection first):
  tetwild                          AUC=1.0000  (# malign: 691)
  degenerate                       AUC=1.0000  (# malign: 700)
  rigid                            AUC=1.0000  (# malign: 700)
  faceswap                         AUC=1.0000  (# malign: 700)
  disconnected                     AUC=1.0000  (# malign: 700)
  jitter                           AUC=1.0000  (# malign: 700)

Overall ROC curve:
False Positive Rates 0.0, 0.0, 0.0, 0.0, 0.0, 0.0, 0.0, 0.0, 0.0, 0.0, 0.0, 0.0, 0.0, 0.0, 0.0, 0.0, 0.0, 0.0, 0.0, 0.0, 0.0, 0.0, 0.0, 0.0, 0.0, 0.0, 0.0, 0.0, 0.0, 0.0, 0.0, 0.0, 0.0, 0.0, 0.0, 0.0, 0.0, 0.0, 0.0, 0.0, 0.0, 0.0, 0.0, 0.0, 0.0, 0.0, 0.0, 0.0, 0.0, 0.0, 0.0, 0.0, 0.0, 0.0, 0.0, 0.0, 0.0, 0.0, 0.0, 0.0, 0.0, 0.0, 0.0, 0.0, 0.0, 0.0, 0.0, 0.0, 0.0, 0.0, 0.0, 0.0, 0.0, 0.0, 0.0, 0.0, 0.0, 0.0, 0.0, 0.0, 0.0, 0.0, 0.0, 0.0, 0.0, 0.0, 0.0, 0.0, 0.0, 0.0, 0.0, 0.0, 0.0, 0.0, 0.0, 0.0, 0.0, 0.0, 0.0, 0.0, 0.0, 0.0, 0.0, 0.0, 0.0, 0.0, 0.0, 0.0, 0.0, 0.0, 0.0, 0.0, 0.0, 0.0, 0.0, 0.0, 0.0, 0.0, 0.0, 0.0, 0.0, 0.0, 0.0, 0.0, 0.0, 0.0, 0.0, 0.0, 0.0, 0.0, 0.0, 0.0, 0.0, 0.0, 0.0, 0.0, 0.0, 0.0, 0.0, 0.0, 0.0, 0.0, 0.0, 0.0, 0.0, 0.0, 0.0, 0.0, 0.0, 0.0, 0.0, 0.0, 0.0, 0.0, 0.0, 0.0, 0.0, 0.0, 0.0, 0.0, 0.0, 0.0, 0.0, 0.0, 0.0, 0.0, 0.0, 0.0, 0.0, 0.0, 0.0, 0.0, 0.0, 0.0, 0.0, 0.0, 0.0, 0.0, 0.0, 0.0, 0.0, 0.0, 0.0, 0.0, 0.0, 0.0, 0.0, 0.0, 0.0, 0.0, 0.0, 0.0, 0.0, 0.0, 0.0, 0.0, 0.0, 0.0, 0.0, 0.0, 0.0, 0.0, 0.0, 0.0, 0.0, 0.0, 0.0, 0.0, 0.0, 0.0, 0.0, 0.0, 0.0, 0.0, 0.0, 0.0, 0.0, 0.0, 0.0, 0.0, 0.0, 0.0, 0.0, 0.0, 0.0, 0.0, 0.0, 0.0, 0.0, 0.0, 0.0, 0.0, 0.0, 0.0, 0.0, 0.0, 0.0, 0.0, 0.0, 0.0, 0.0, 0.0, 0.0, 0.0, 0.0, 0.0, 0.0, 0.0, 0.0, 0.0, 0.0, 0.0, 0.0, 0.0, 0.0, 0.0, 0.0, 0.0, 0.0, 0.0, 0.0, 0.0, 0.0, 0.0, 0.0, 0.0, 0.0, 0.0, 0.0, 0.0, 0.0, 0.0, 0.0, 0.0, 0.0, 0.0, 0.0, 0.0, 0.0, 0.0, 0.0, 0.0, 0.0, 0.0, 0.0, 0.0, 0.0, 0.0, 0.0, 0.0, 0.0, 0.0, 0.0, 0.0, 0.0, 0.0, 0.0, 0.0, 0.0, 0.0, 0.0, 0.0, 0.0, 0.0, 0.0, 0.0, 0.0, 0.0, 0.0, 0.0, 0.0, 0.0, 0.0, 0.0, 0.0, 0.0, 0.0, 0.0, 0.0, 0.0, 0.0, 0.0, 0.0, 0.0, 0.0, 0.0, 0.0, 0.0, 0.0, 0.0, 0.0, 0.0, 0.0, 0.0, 0.0, 0.0, 0.0, 0.0, 0.0, 0.0, 0.0, 0.0, 0.0, 0.0, 0.0, 0.0, 0.0, 0.0, 0.0, 0.0, 0.0, 0.0, 0.0, 0.0, 0.0, 0.0, 0.0, 0.0, 0.0, 0.0, 0.0, 0.0, 0.0, 0.0, 0.0, 0.0, 0.0, 0.0, 0.0, 0.0, 0.0, 0.0, 0.0, 0.0, 0.0, 0.0, 0.0, 0.0, 0.0, 0.0, 0.0, 0.0, 0.0, 0.0, 0.0, 0.0, 0.0, 0.0, 0.0, 0.0, 0.0, 0.0, 0.0, 0.0, 0.0, 0.0, 0.0, 0.0, 0.0, 0.0, 0.0, 0.0, 0.0, 0.0, 0.0, 0.0, 0.0, 0.0, 0.0, 0.0, 0.0, 0.0, 0.0, 0.0, 0.0, 0.0, 0.0, 0.0, 0.0, 0.0, 0.0, 0.0, 0.0, 0.0, 0.0, 0.0, 0.0, 0.0, 0.0, 0.0, 0.0, 0.0, 0.0, 0.0, 0.0, 0.0, 0.0, 0.0, 0.0, 0.0, 0.0, 0.0, 0.0, 0.0, 0.0, 0.0, 0.0, 0.0, 0.0, 0.0, 0.0, 0.0, 0.0, 0.0, 0.0, 0.0, 0.0, 0.0, 0.0, 0.0, 0.0, 0.0, 0.0, 0.0, 0.0, 0.0, 0.0, 0.0, 0.0, 0.0, 0.0, 0.0, 0.0, 0.0, 0.0, 0.0, 0.0, 0.0, 0.0, 0.0, 0.0, 0.0, 0.0, 0.0, 0.0, 0.0, 0.0, 0.0, 0.0, 0.0, 0.0, 0.0, 0.0, 0.0, 0.0, 0.0, 0.0, 0.0, 0.0, 0.0, 0.0, 0.0, 0.0, 0.0, 0.0, 0.0, 0.0, 0.0, 0.0, 0.0, 0.0, 0.0, 0.0, 0.0, 0.0, 0.0, 0.0, 0.0, 0.0, 0.0, 0.0, 0.0, 0.0, 0.0, 0.0, 0.0, 0.0, 0.0, 0.0, 0.0, 0.0, 0.0, 0.0, 0.0, 0.0, 0.0, 0.0, 0.0, 0.0, 0.0, 0.0, 0.0, 0.0, 0.0, 0.0, 0.0, 0.0, 0.0, 0.0, 0.0, 0.0, 0.0, 0.0, 0.0, 0.0, 0.0, 0.0, 0.0, 0.0, 0.0, 0.0, 0.0, 0.0, 0.0, 0.0, 0.0, 0.0, 0.0, 0.0, 0.0, 0.0, 0.0, 0.0, 0.0, 0.0, 0.0, 0.0, 0.0, 0.0, 0.0, 0.0, 0.0, 0.0, 0.0, 0.0, 0.0, 0.0, 0.0, 0.0, 0.0, 0.0, 0.0, 0.0, 0.0, 0.0, 0.0, 0.0, 0.0, 0.0, 0.0, 0.0, 0.0, 0.0, 0.0, 0.0, 0.0, 0.0, 0.0, 0.0, 0.0, 0.0, 0.0, 0.0, 0.0, 0.0, 0.0, 0.0, 0.0, 0.0, 0.0, 0.0, 0.0, 0.0, 0.0, 0.0, 0.0, 0.0, 0.0, 0.0, 0.0, 0.0, 0.0, 0.0, 0.0, 0.0, 0.0, 0.0, 0.0, 0.0, 0.0, 0.0, 0.0, 0.0, 0.0, 0.0, 0.0, 0.0, 0.0, 0.0, 0.0, 0.0, 0.0, 0.0, 0.0, 0.0, 0.0, 0.0, 0.0, 0.0, 0.0, 0.0, 0.0, 0.0, 0.0, 0.0, 0.0, 0.0, 0.0, 0.0, 0.0, 0.0, 0.0, 0.0, 0.0, 0.0, 0.0, 0.0, 0.0, 0.0, 0.0, 0.0, 0.0, 0.0, 0.0, 0.0, 0.0, 0.0, 0.0, 0.0, 0.0, 0.0, 0.0, 0.0, 0.0, 0.0, 0.0, 0.0, 0.0, 0.0, 0.0, 0.0, 0.0, 0.0, 0.0, 0.0, 0.0, 0.0, 0.0, 0.0, 0.0, 0.0, 0.0, 0.0, 0.0, 0.0, 0.0, 0.0, 0.0, 0.0, 0.0, 0.0, 0.0, 0.0, 0.0, 0.0, 0.0, 0.0, 0.0, 0.0, 0.0, 0.0, 0.0, 0.0, 0.0, 0.0, 0.0, 0.0, 0.0, 0.0, 0.0, 0.0, 0.002, 0.002, 0.006, 0.006, 0.989, 1.0
True Positive Rates 0.0, 0.0007158196134574087, 0.0026246719160104987, 0.005249343832020997, 0.006919589596754951, 0.008112622285850633, 0.00954426151276545, 0.009782868050584585, 0.01026008112622286, 0.012646146504414221, 0.013600572655690766, 0.014077785731329038, 0.016702457647339537, 0.01837270341207349, 0.022667621092817943, 0.025053686471009307, 0.02600811262228585, 0.026246719160104987, 0.026962538773562396, 0.02982581722739203, 0.03054163684084944, 0.031018849916487713, 0.031973276067764254, 0.03316630875685994, 0.03340491529467907, 0.033882128370317344, 0.03507516105941303, 0.03531376759723216, 0.03579098067287044, 0.03650680028632784, 0.03698401336196612, 0.03793843951324266, 0.03913147220233834, 0.03960868527797662, 0.04127893104271057, 0.04175614411834884, 0.04247196373180625, 0.04271057026962539, 0.043664996420901936, 0.044142209496540206, 0.04509663564781675, 0.04581245526127416, 0.046766881412550705, 0.047959914101646385, 0.04891434025292293, 0.049152946790742065, 0.049868766404199474, 0.05010737294201861, 0.050584586017656884, 0.05130040563111429, 0.051777618706752564, 0.05273204485802911, 0.05416368408494393, 0.05440229062276306, 0.05511811023622047, 0.05535671677403961, 0.05678835600095443, 0.05702696253877356, 0.05774278215223097, 0.05821999522786924, 0.05893581484132665, 0.05941302791696493, 0.06012884753042233, 0.062037699832975426, 0.0632307325220711, 0.06418515867334765, 0.06466237174898593, 0.06537819136244333, 0.06561679790026247, 0.06609401097590074, 0.06657122405153901, 0.06728704366499642, 0.06752565020281556, 0.06824146981627296, 0.0684800763540921, 0.06943450250536864, 0.07086614173228346, 0.07182056788356, 0.07468384633738964, 0.07516105941302792, 0.07539966595084706, 0.07730851825340014, 0.07754712479121928, 0.07945597709377238, 0.08088761632068718, 0.08351228823669768, 0.08470532092579337, 0.0868527797661656, 0.08947745168217609, 0.09067048437127177, 0.09162491052254831, 0.09186351706036745, 0.09329515628728227, 0.09424958243855881, 0.09544261512765449, 0.09615843474111191, 0.09663564781675017, 0.09735146743020759, 0.09878310665712241, 0.09949892627057981, 0.09973753280839895, 0.10021474588403723, 0.10069195895967549, 0.10116917203531377, 0.1014077785731329, 0.10188499164877117, 0.10260081126222859, 0.10283941780004772, 0.10331663087568599, 0.10379384395132427, 0.10450966356478167, 0.10546408971605822, 0.10570269625387736, 0.10617990932951563, 0.1066571224051539, 0.10808876163206872, 0.10904318778334526, 0.1092817943211644, 0.10975900739680267, 0.11047482701026008, 0.1119064662371749, 0.11214507277499404, 0.1126222858506323, 0.11333810546408972, 0.11381531853972798, 0.11429253161536626, 0.11476974469100454, 0.11548556430446194, 0.11596277738010022, 0.11643999045573848, 0.11691720353137676, 0.11763302314483416, 0.11811023622047244, 0.11882605583392986, 0.11954187544738726, 0.1197804819852064, 0.12025769506084466, 0.12192794082557862, 0.12264376043903603, 0.12359818659031258, 0.12383679312813171, 0.12479121927940826, 0.12550703889286566, 0.12622285850632306, 0.12670007158196134, 0.12741589119541877, 0.12789310427105702, 0.12932474349797185, 0.12956335003579098, 0.13051777618706753, 0.13123359580052493, 0.13266523502743977, 0.13409687425435457, 0.13457408732999285, 0.13481269386781197, 0.13528990694345025, 0.1362443330947268, 0.13648293963254593, 0.13743736578382248, 0.13791457885946076, 0.138391791935099, 0.14125507038892865, 0.14197089000238605, 0.14244810307802433, 0.14364113576712, 0.14435695538057744, 0.1448341684562157, 0.14626580768313052, 0.14722023383440705, 0.14793605344786448, 0.148890479599141, 0.14936769267477928, 0.1500835122882367, 0.15103793843951324, 0.15151515151515152, 0.15223097112860892, 0.15318539727988548, 0.1534240038177046, 0.15533285612025768, 0.15557146265807684, 0.15604867573371511, 0.1572417084228108, 0.15748031496062992, 0.15843474111190647, 0.159389167263183, 0.15986638033882128, 0.16010498687664043, 0.16058219995227868, 0.16082080649009783, 0.1612980195657361, 0.16201383917919351, 0.1624910522548318, 0.16296826533047004, 0.16344547840610832, 0.16368408494392747, 0.16439990455738487, 0.16535433070866143, 0.16583154378429968, 0.16607015032211883, 0.1665473633977571, 0.1672631830112145, 0.16750178954903364, 0.16821760916249104, 0.17036506800286327, 0.17084228107850155, 0.1725125268432355, 0.17298973991887379, 0.1732283464566929, 0.1739441660701503, 0.175137198759246, 0.17609162491052255, 0.17656883798616083, 0.17728465759961823, 0.17871629682653303, 0.17943211643999046, 0.18014793605344787, 0.18062514912908614, 0.18134096874254355, 0.18181818181818182, 0.18324982104509663, 0.18396564065855406, 0.1844428537341923, 0.185635886423288, 0.18611309949892627, 0.18802195180147935, 0.18945359102839418, 0.19064662371748986, 0.19112383679312814, 0.19207826294440467, 0.19255547602004294, 0.1942257217847769, 0.19541875447387258, 0.19828203292770222, 0.19852063946552134, 0.19923645907897877, 0.19971367215461705, 0.20042949176807445, 0.20090670484371273, 0.20162252445717013, 0.20257695060844666, 0.2040085898353615, 0.20448580291099977, 0.20591744213791457, 0.20639465521355285, 0.20663326175137198, 0.20711047482701025, 0.2085421140539251, 0.20901932712956334, 0.20973514674302077, 0.2099737532808399, 0.21045096635647817, 0.21140539250775472, 0.2125984251968504, 0.21307563827248865, 0.21426867096158433, 0.2147458840372226, 0.2159389167263183, 0.2178477690288714, 0.2192794082557862, 0.22023383440706276, 0.22094965402052016, 0.22285850632307325, 0.22357432593653065, 0.22405153901216893, 0.22429014554998808, 0.22548317823908376, 0.22619899785254116, 0.22715342400381772, 0.22763063707945597, 0.22786924361727512, 0.22858506323073252, 0.22953948938200908, 0.23120973514674303, 0.23311858744929612, 0.23335719398711524, 0.23407301360057264, 0.2343116201383918, 0.2350274397518492, 0.23598186590312575, 0.23622047244094488, 0.2383679312813171, 0.23979957050823192, 0.24075399665950847, 0.24170842281078503, 0.24242424242424243, 0.24266284896206156, 0.24385588165115724, 0.24576473395371032, 0.2462419470293486, 0.24719637318062515, 0.24838940586972083, 0.25053686471009307, 0.2514912908613696, 0.2517298973991887, 0.2526843235504653, 0.2529229300882844, 0.25435456931519923, 0.2545931758530184, 0.25554760200429494, 0.25578620854211404, 0.25650202815557144, 0.25697924123120974, 0.2579336673824863, 0.2593653066094011, 0.26031973276067766, 0.2607969458363159, 0.2622285850632307, 0.2629444046766881, 0.26318301121450727, 0.2646146504414221, 0.2650918635170604, 0.26628489620615603, 0.26700071581961343, 0.26819374850870914, 0.26890956812216654, 0.27081842042471965, 0.2720114531138153, 0.27225005965163446, 0.273204485802911, 0.2746361250298258, 0.2755905511811024, 0.2763063707945598, 0.27726079694583633, 0.27797661655929373, 0.2782152230971129, 0.2789310427105703, 0.2791696492483894, 0.2796468623240277, 0.27988546886184684, 0.28155571462658074, 0.2817943211643999, 0.28465759961822956, 0.28489620615604866, 0.28537341923168696, 0.2865664519207826, 0.28680505845860177, 0.28728227153424, 0.2879980911476974, 0.2882366976855166, 0.288952517298974, 0.2894297303746123, 0.29062276306370793, 0.29133858267716534, 0.29181579575280364, 0.2927702219040802, 0.2934860415175376, 0.29515628728227156, 0.2956335003579098, 0.29587210689572896, 0.29658792650918636, 0.2975423526604629, 0.2982581722739203, 0.29873538534955857, 0.29945120496301597, 0.2996898115008351, 0.3001670245764734, 0.3004056311142925, 0.30159866380338823, 0.30303030303030304, 0.3042233357193987, 0.30565497494631355, 0.30660940109759005, 0.3073252207110475, 0.3089954664757814, 0.30923407301360056, 0.3101884991648771, 0.31066571224051537, 0.3113815318539728, 0.31209735146743023, 0.3125745645430685, 0.3132903841565259, 0.3137675972321642, 0.3144834168456216, 0.3147220233834407, 0.31615366261035555, 0.31758530183727035, 0.31901694106418516, 0.3192555476020043, 0.3199713672154617, 0.32116439990455736, 0.3214030064423765, 0.3218802195180148, 0.3225960391314722, 0.3235504652827487, 0.32402767835838703, 0.3249821045096636, 0.3264137437365784, 0.32665235027439754, 0.32808398950131235, 0.32951562872822715, 0.3297542352660463, 0.3304700548795037, 0.33094726795514195, 0.33285612025769507, 0.3338105464089716, 0.334526366022429, 0.3350035790980673, 0.3359580052493438, 0.33738964447625863, 0.3376282510140778, 0.3388212837031735, 0.3395371033166309, 0.3404915294679074, 0.3409687425435457, 0.3416845621570031, 0.34192316869482225, 0.34263898830827966, 0.3431162013839179, 0.34335480792173706, 0.3443092340730136, 0.345025053686471, 0.34597947983774757, 0.3464566929133858, 0.346695299451205, 0.3471725125268432, 0.34860415175375803, 0.34979718444285374, 0.350274397518492, 0.3514674302075877, 0.35194464328322594, 0.3528990694345025, 0.3536148890479599, 0.35456931519923646, 0.35600095442615126, 0.3569553805774278, 0.3593414459556192, 0.35958005249343833, 0.360773085182534, 0.36172751133381054, 0.36292054402290624, 0.36363636363636365, 0.3638749701741828, 0.3648293963254593, 0.366022429014555, 0.3667382486280124, 0.36721546170365066, 0.3674540682414698, 0.3681698878549272, 0.36840849439274637, 0.36912431400620377, 0.369601527081842, 0.371271772846576, 0.37270341207349084, 0.37365783822476734, 0.3743736578382248, 0.37628251014077785, 0.3772369362920544, 0.37771414936769265, 0.3784299689811501, 0.37962300167024576, 0.3805774278215223, 0.38177046051061797, 0.3827248866618945, 0.38344070627535193, 0.38391791935099023, 0.38415652588880933, 0.3851109520400859, 0.3855881651157242, 0.3865425912670007, 0.38725841088045815, 0.38821283703173465, 0.3884514435695538, 0.39012168933428776, 0.39083750894774516, 0.3917919350990217, 0.39203054163684087, 0.39274636125029827, 0.3932235743259365, 0.3946552135528513, 0.39513242662848963, 0.39584824624194703, 0.3968026723932236, 0.397518492006681, 0.39847291815795755, 0.39918873777141495, 0.3996659508470532, 0.39990455738487235, 0.4003817704605106, 0.401097590073968, 0.4015748031496063, 0.4022906227630637, 0.40252922930088286, 0.40348365545215936, 0.4056311142925316, 0.4065855404438082, 0.40777857313290383, 0.4087329992841804, 0.4094488188976378, 0.4099260319732761, 0.4106418515867335, 0.4108804581245526, 0.4113576712001909, 0.41159627773801, 0.4120734908136483, 0.41255070388928655, 0.41302791696492486, 0.41326652350274395, 0.41374373657838226, 0.4142209496540205, 0.4149367692674779, 0.41517537580529706, 0.41589119541875447, 0.416845621570031, 0.4170842281078502, 0.4175614411834884, 0.4178000477213076, 0.418515867334765, 0.41970890002386063, 0.4211405392507755, 0.422094965402052, 0.42233357193987114, 0.42281078501550945, 0.42352660462896685, 0.42376521116678595, 0.42448103078024335, 0.4254354569315199, 0.42638988308279646, 0.42710570269625386, 0.427344309234073, 0.42782152230971127, 0.4280601288475304, 0.42853734192316867, 0.4292531615366261, 0.4302075876879026, 0.43140062037699833, 0.43211643999045574, 0.432593653066094, 0.43330947267955144, 0.4337866857551897, 0.43402529229300885, 0.4345025053686471, 0.43497971844428535, 0.43545693151992365, 0.43617275113338105, 0.43688857074683846, 0.43736578382247676, 0.437842996898115, 0.44022906227630637, 0.4404676688141255, 0.4411834884275829, 0.44261512765449773, 0.4428537341923169, 0.4435695538057743, 0.44380816034359344, 0.44476258649486994, 0.44547840610832734, 0.44595561918396565, 0.44667143879742305, 0.4471486518730613, 0.44786447148651876, 0.44810307802433785, 0.44858029109997616, 0.44929611071343356, 0.4497733237890718, 0.4504891434025292, 0.4509663564781675, 0.4512049630159866, 0.4519207826294441, 0.45215938916726317, 0.4526366022429015, 0.4531138153185397, 0.453591028394178, 0.4540682414698163, 0.4559770937723694, 0.4566929133858268, 0.4576473395371033, 0.4581245526127416, 0.45836315915056075, 0.458840372226199, 0.45979479837747556, 0.4607492245287521, 0.46122643760439036, 0.46194225721784776, 0.4621808637556669, 0.4628966833691243, 0.46337389644476257, 0.4636125029825817, 0.4643283225960391, 0.4657599618229539, 0.4664757814364114, 0.46838463373896444, 0.46886184681460275, 0.469339059890241, 0.46957766642806015, 0.47172512526843235, 0.4722023383440706, 0.47244094488188976, 0.47387258410880456, 0.47434979718444287, 0.4748270102600811, 0.4760200429491768, 0.4764972560248151, 0.4769744691004534, 0.4772130756382725, 0.47816750178954903, 0.4784061083273682, 0.47936053447864474, 0.47959914101646384, 0.48007635409210214, 0.48103078024337864, 0.48222381293247435, 0.4827010260081126, 0.48293963254593175, 0.48341684562157006, 0.48365545215938915, 0.48413266523502746, 0.48437127177284656, 0.48508709138630396, 0.4853256979241231, 0.4858029109997614, 0.4865187306132188, 0.4867573371510379, 0.4874731567644954, 0.48771176330231447, 0.4891434025292293, 0.4896206156048676, 0.49009782868050583, 0.49129086136960154, 0.49152946790742064, 0.4922452875208781, 0.49272250059651634, 0.49343832020997375, 0.49415413982343115, 0.49486995943688855, 0.49558577905034595, 0.4963015986638034, 0.4965402052016225, 0.4972560248150799, 0.49821045096635647, 0.4984490575041756, 0.49892627057981387, 0.499164877117633, 0.49964209019327127, 0.5001193032689095, 0.5010737294201861, 0.5022667621092818, 0.5027439751849201, 0.5029825817227392, 0.5034597947983774, 0.5041756144118349, 0.504414220949654, 0.5053686471009305, 0.5056072536387497, 0.5065616797900262, 0.5070388928656645, 0.5075161059413028, 0.5079933190169411, 0.5084705320925793, 0.5091863517060368, 0.5101407778573133, 0.5103793843951324, 0.5108565974707707, 0.5110952040085899, 0.5115724170842281, 0.5125268432355047, 0.5134812693867812, 0.5153901216893343, 0.5161059413027917, 0.5165831543784299, 0.5170603674540682, 0.518492006680983, 0.5192078262944405, 0.5213552851348127, 0.521832498210451, 0.5225483178239084, 0.5232641374373658, 0.5244571701264614, 0.525411596277738, 0.5261274158911954, 0.5266046289668337, 0.5268432355046528, 0.5273204485802911, 0.5282748747315676, 0.5292293008828441, 0.5301837270341208, 0.5311381531853973, 0.5318539727988547, 0.5328083989501312, 0.5330470054879504, 0.5337628251014078, 0.5344786447148652, 0.5349558577905035, 0.5354330708661418, 0.5361488904795991, 0.5375805297065139, 0.5380577427821522, 0.5382963493199714, 0.5387735623956096, 0.539489382009067, 0.5402052016225245, 0.541159627773801, 0.5416368408494393, 0.5418754473872585, 0.542829873538535, 0.5433070866141733, 0.5437842996898115, 0.5442615127654498, 0.5447387258410881, 0.5452159389167264, 0.5456931519923646, 0.5459317585301837, 0.546408971605822, 0.5466475781436412, 0.5471247912192794, 0.5504652827487473, 0.5514197089000239, 0.5518969219756621, 0.5523741350513004, 0.5533285612025769, 0.5538057742782152, 0.5540443808160344, 0.5545215938916727, 0.5561918396564066, 0.5566690527320448, 0.556907659269864, 0.5573848723455023, 0.5576234788833214, 0.5581006919589597, 0.5628728227153424, 0.5633500357909806, 0.5640658554044381, 0.5645430684800764, 0.5657361011691721, 0.5664519207826294, 0.5719398711524696, 0.5724170842281079, 0.5738487234550227, 0.5743259365306609, 0.576234788833214, 0.5769506084466715, 0.5860176568837986, 0.5864948699594369, 0.5879265091863517, 0.58840372226199, 0.6003340491529467, 0.600811262228585, 0.6022429014554999, 0.6027201145311382, 0.6051061799093295, 0.6055833929849678, 0.9995227869243617, 0.9995227869243617, 0.9997613934621808, 0.9997613934621808, 1.0, 1.0, 1.0
Thresholds inf, 0.9999999999999984, 0.9999999999999982, 0.9999999999999981, 0.999999999999998, 0.9999999999999979, 0.9999999999999978, 0.9999999999999977, 0.9999999999999973, 0.999999999999994, 0.9999999999999936, 0.9999999999999933, 0.9999999999999932, 0.9999999999999931, 0.9999999999999928, 0.9999999999999926, 0.9999999999999925, 0.9999999999999923, 0.9999999999999922, 0.9999999999999919, 0.9999999999999917, 0.9999999999999916, 0.9999999999999913, 0.9999999999999912, 0.999999999999991, 0.9999999999999909, 0.9999999999999907, 0.9999999999999906, 0.9999999999999905, 0.9999999999999903, 0.99999999999999, 0.9999999999999897, 0.9999999999999881, 0.9999999999999877, 0.9999999999999809, 0.9999999999999807, 0.9999999999999806, 0.9999999999999805, 0.9999999999999803, 0.9999999999999802, 0.99999999999998, 0.9999999999999799, 0.9999999999999797, 0.9999999999999796, 0.9999999999999793, 0.9999999999999792, 0.9999999999999791, 0.999999999999979, 0.9999999999999789, 0.9999999999999788, 0.9999999999999787, 0.9999999999999786, 0.9999999999999782, 0.999999999999978, 0.9999999999999779, 0.9999999999999778, 0.9999999999999776, 0.9999999999999775, 0.9999999999999774, 0.9999999999999771, 0.999999999999977, 0.9999999999999766, 0.9999999999999765, 0.9999999999999761, 0.999999999999976, 0.9999999999999756, 0.9999999999999754, 0.9999999999999752, 0.9999999999999751, 0.999999999999975, 0.9999999999999748, 0.9999999999999747, 0.9999999999999746, 0.9999999999999745, 0.9999999999999744, 0.9999999999999739, 0.9999999999999726, 0.9999999999999721, 0.9999999999999681, 0.9999999999999679, 0.9999999999999677, 0.9999999999999675, 0.9999999999999674, 0.9999999999999672, 0.999999999999967, 0.9999999999999668, 0.9999999999999666, 0.9999999999999664, 0.9999999999999661, 0.9999999999999659, 0.9999999999999657, 0.9999999999999656, 0.9999999999999655, 0.9999999999999653, 0.999999999999965, 0.9999999999999648, 0.9999999999999646, 0.9999999999999644, 0.9999999999999638, 0.9999999999999637, 0.9999999999999635, 0.9999999999999633, 0.9999999999999629, 0.9999999999999623, 0.999999999999962, 0.9999999999999619, 0.9999999999999618, 0.9999999999999617, 0.9999999999999616, 0.9999999999999614, 0.9999999999999613, 0.9999999999999609, 0.9999999999999608, 0.9999999999999606, 0.9999999999999603, 0.99999999999996, 0.9999999999999598, 0.9999999999999595, 0.9999999999999594, 0.9999999999999589, 0.9999999999999587, 0.9999999999999586, 0.9999999999999584, 0.9999999999999583, 0.9999999999999581, 0.9999999999999579, 0.9999999999999578, 0.9999999999999568, 0.9999999999999567, 0.9999999999999564, 0.9999999999999557, 0.9999999999999553, 0.9999999999999547, 0.9999999999999538, 0.9999999999999531, 0.9999999999999529, 0.9999999999999527, 0.9999999999999518, 0.9999999999999514, 0.9999999999999512, 0.999999999999951, 0.9999999999999508, 0.9999999999999507, 0.99999999999995, 0.9999999999999497, 0.9999999999999492, 0.999999999999949, 0.9999999999999487, 0.9999999999999486, 0.9999999999999484, 0.9999999999999483, 0.9999999999999478, 0.9999999999999476, 0.9999999999999475, 0.9999999999999474, 0.9999999999999473, 0.9999999999999472, 0.999999999999947, 0.9999999999999469, 0.9999999999999468, 0.9999999999999466, 0.9999999999999457, 0.9999999999999455, 0.9999999999999453, 0.9999999999999452, 0.999999999999945, 0.9999999999999449, 0.9999999999999447, 0.9999999999999445, 0.9999999999999444, 0.9999999999999443, 0.9999999999999442, 0.999999999999944, 0.9999999999999439, 0.9999999999999438, 0.9999999999999433, 0.999999999999943, 0.9999999999999429, 0.9999999999999422, 0.999999999999942, 0.9999999999999419, 0.9999999999999418, 0.9999999999999415, 0.9999999999999412, 0.9999999999999405, 0.9999999999999404, 0.9999999999999403, 0.9999999999999402, 0.9999999999999399, 0.9999999999999397, 0.9999999999999396, 0.9999999999999395, 0.999999999999939, 0.9999999999999389, 0.9999999999999388, 0.9999999999999385, 0.999999999999938, 0.9999999999999379, 0.9999999999999377, 0.9999999999999376, 0.9999999999999375, 0.9999999999999372, 0.999999999999937, 0.9999999999999349, 0.9999999999999347, 0.9999999999999325, 0.9999999999999322, 0.999999999999932, 0.9999999999999318, 0.9999999999999309, 0.99999999999993, 0.9999999999999296, 0.9999999999999293, 0.9999999999999287, 0.9999999999999283, 0.9999999999999281, 0.999999999999928, 0.9999999999999277, 0.9999999999999276, 0.9999999999999275, 0.9999999999999274, 0.9999999999999272, 0.9999999999999271, 0.999999999999927, 0.9999999999999266, 0.9999999999999263, 0.9999999999999262, 0.999999999999926, 0.9999999999999258, 0.9999999999999257, 0.9999999999999256, 0.9999999999999255, 0.9999999999999252, 0.9999999999999251, 0.999999999999925, 0.9999999999999248, 0.9999999999999247, 0.9999999999999246, 0.9999999999999245, 0.9999999999999244, 0.9999999999999241, 0.999999999999924, 0.9999999999999238, 0.9999999999999237, 0.9999999999999236, 0.9999999999999234, 0.9999999999999232, 0.9999999999999231, 0.999999999999923, 0.9999999999999228, 0.9999999999999226, 0.9999999999999225, 0.9999999999999224, 0.9999999999999223, 0.9999999999999222, 0.999999999999922, 0.9999999999999218, 0.9999999999999216, 0.9999999999999215, 0.9999999999999214, 0.9999999999999213, 0.999999999999921, 0.9999999999999208, 0.9999999999999207, 0.9999999999999206, 0.9999999999999205, 0.9999999999999204, 0.9999999999999203, 0.9999999999999202, 0.99999999999992, 0.9999999999999198, 0.9999999999999197, 0.9999999999999196, 0.9999999999999192, 0.9999999999999191, 0.999999999999919, 0.9999999999999188, 0.9999999999999187, 0.9999999999999186, 0.9999999999999185, 0.9999999999999184, 0.9999999999999183, 0.9999999999999181, 0.999999999999918, 0.9999999999999178, 0.9999999999999177, 0.9999999999999176, 0.9999999999999174, 0.9999999999999173, 0.9999999999999172, 0.9999999999999171, 0.9999999999999167, 0.9999999999999166, 0.9999999999999165, 0.9999999999999164, 0.9999999999999163, 0.9999999999999161, 0.999999999999916, 0.9999999999999158, 0.9999999999999157, 0.9999999999999156, 0.9999999999999155, 0.9999999999999154, 0.9999999999999152, 0.9999999999999151, 0.999999999999915, 0.9999999999999148, 0.9999999999999147, 0.9999999999999146, 0.9999999999999145, 0.9999999999999144, 0.9999999999999143, 0.9999999999999142, 0.9999999999999141, 0.999999999999914, 0.9999999999999137, 0.9999999999999136, 0.9999999999999135, 0.9999999999999134, 0.9999999999999132, 0.9999999999999131, 0.9999999999999128, 0.9999999999999126, 0.9999999999999124, 0.9999999999999123, 0.9999999999999122, 0.9999999999999121, 0.999999999999912, 0.9999999999999118, 0.9999999999999117, 0.9999999999999116, 0.9999999999999114, 0.9999999999999113, 0.9999999999999111, 0.999999999999911, 0.9999999999999108, 0.9999999999999107, 0.9999999999999106, 0.9999999999999105, 0.9999999999999104, 0.9999999999999103, 0.9999999999999102, 0.9999999999999101, 0.99999999999991, 0.9999999999999098, 0.9999999999999097, 0.9999999999999096, 0.9999999999999095, 0.9999999999999094, 0.9999999999999093, 0.9999999999999092, 0.9999999999999091, 0.999999999999909, 0.9999999999999089, 0.9999999999999087, 0.9999999999999086, 0.9999999999999085, 0.9999999999999084, 0.9999999999999082, 0.9999999999999081, 0.9999999999999079, 0.9999999999999077, 0.9999999999999076, 0.9999999999999075, 0.9999999999999074, 0.9999999999999073, 0.9999999999999072, 0.9999999999999069, 0.9999999999999067, 0.9999999999999066, 0.9999999999999065, 0.9999999999999064, 0.9999999999999063, 0.9999999999999062, 0.999999999999906, 0.9999999999999059, 0.9999999999999055, 0.9999999999999054, 0.9999999999999053, 0.9999999999999052, 0.9999999999999051, 0.999999999999905, 0.9999999999999049, 0.9999999999999047, 0.9999999999999046, 0.9999999999999045, 0.9999999999999043, 0.9999999999999042, 0.9999999999999041, 0.9999999999999039, 0.9999999999999037, 0.9999999999999036, 0.9999999999999035, 0.9999999999999033, 0.9999999999999031, 0.9999999999999027, 0.9999999999999026, 0.9999999999999025, 0.9999999999999024, 0.9999999999999023, 0.9999999999999022, 0.9999999999999021, 0.999999999999902, 0.9999999999999019, 0.9999999999999017, 0.9999999999999016, 0.9999999999999015, 0.9999999999999014, 0.9999999999999013, 0.9999999999999011, 0.999999999999901, 0.9999999999999009, 0.9999999999999007, 0.9999999999999006, 0.9999999999999005, 0.9999999999999004, 0.9999999999999003, 0.9999999999999002, 0.9999999999999001, 0.9999999999998999, 0.9999999999998996, 0.9999999999998995, 0.9999999999998994, 0.9999999999998992, 0.9999999999998991, 0.999999999999899, 0.9999999999998989, 0.9999999999998987, 0.9999999999998986, 0.9999999999998984, 0.9999999999998983, 0.9999999999998982, 0.999999999999898, 0.9999999999998979, 0.9999999999998977, 0.9999999999998976, 0.9999999999998974, 0.9999999999998973, 0.9999999999998972, 0.9999999999998971, 0.999999999999897, 0.9999999999998969, 0.9999999999998966, 0.9999999999998964, 0.9999999999998962, 0.9999999999998961, 0.999999999999896, 0.9999999999998959, 0.9999999999998958, 0.9999999999998956, 0.9999999999998953, 0.9999999999998951, 0.9999999999998949, 0.9999999999998948, 0.9999999999998945, 0.9999999999998944, 0.9999999999998942, 0.9999999999998939, 0.9999999999998938, 0.9999999999998935, 0.9999999999998933, 0.9999999999998932, 0.9999999999998931, 0.999999999999893, 0.9999999999998928, 0.9999999999998926, 0.9999999999998925, 0.9999999999998923, 0.9999999999998921, 0.999999999999892, 0.9999999999998919, 0.9999999999998918, 0.9999999999998916, 0.9999999999998915, 0.9999999999998914, 0.9999999999998912, 0.9999999999998911, 0.999999999999891, 0.9999999999998909, 0.9999999999998906, 0.9999999999998905, 0.9999999999998903, 0.9999999999998902, 0.9999999999998898, 0.9999999999998893, 0.9999999999998892, 0.999999999999889, 0.9999999999998889, 0.9999999999998886, 0.9999999999998885, 0.9999999999998884, 0.9999999999998883, 0.9999999999998881, 0.999999999999888, 0.9999999999998878, 0.9999999999998876, 0.9999999999998875, 0.9999999999998873, 0.999999999999887, 0.9999999999998869, 0.9999999999998866, 0.9999999999998865, 0.9999999999998862, 0.9999999999998861, 0.999999999999886, 0.9999999999998859, 0.9999999999998856, 0.999999999999885, 0.9999999999998844, 0.9999999999998843, 0.9999999999998842, 0.9999999999998841, 0.999999999999884, 0.9999999999998836, 0.9999999999998835, 0.9999999999998831, 0.999999999999883, 0.9999999999998829, 0.9999999999998826, 0.9999999999998825, 0.9999999999998824, 0.9999999999998822, 0.9999999999998821, 0.9999999999998818, 0.9999999999998812, 0.9999999999998809, 0.9999999999998807, 0.9999999999998805, 0.9999999999998804, 0.9999999999998803, 0.9999999999998801, 0.9999999999998798, 0.9999999999998797, 0.9999999999998795, 0.9999999999998791, 0.9999999999998787, 0.9999999999998784, 0.9999999999998777, 0.9999999999998775, 0.9999999999998774, 0.9999999999998765, 0.9999999999998764, 0.9999999999998762, 0.9999999999998761, 0.9999999999998759, 0.9999999999998755, 0.9999999999998754, 0.9999999999998751, 0.999999999999875, 0.9999999999998745, 0.9999999999998744, 0.9999999999998742, 0.9999999999998741, 0.999999999999874, 0.9999999999998735, 0.9999999999998734, 0.9999999999998733, 0.9999999999998732, 0.9999999999998731, 0.999999999999873, 0.9999999999998727, 0.9999999999998725, 0.9999999999998722, 0.9999999999998713, 0.9999999999998711, 0.9999999999998703, 0.9999999999998702, 0.9999999999998701, 0.9999999999998698, 0.9999999999998697, 0.9999999999998692, 0.9999999999998691, 0.9999999999998689, 0.9999999999998688, 0.9999999999998687, 0.9999999999998683, 0.999999999999868, 0.9999999999998678, 0.9999999999998669, 0.9999999999998667, 0.9999999999998657, 0.9999999999998654, 0.9999999999998653, 0.9999999999998652, 0.9999999999998646, 0.9999999999998638, 0.9999999999998637, 0.9999999999998633, 0.9999999999998632, 0.999999999999863, 0.9999999999998629, 0.9999999999998626, 0.9999999999998624, 0.9999999999998623, 0.999999999999862, 0.9999999999998619, 0.9999999999998618, 0.9999999999998616, 0.9999999999998613, 0.9999999999998612, 0.999999999999861, 0.9999999999998607, 0.9999999999998604, 0.9999999999998603, 0.9999999999998601, 0.9999999999998599, 0.9999999999998598, 0.9999999999998597, 0.9999999999998596, 0.9999999999998594, 0.9999999999998593, 0.9999999999998592, 0.9999999999998591, 0.999999999999859, 0.9999999999998588, 0.9999999999998587, 0.9999999999998583, 0.9999999999998582, 0.9999999999998581, 0.999999999999858, 0.9999999999998579, 0.9999999999998578, 0.9999999999998574, 0.9999999999998572, 0.999999999999856, 0.9999999999998559, 0.9999999999998558, 0.9999999999998557, 0.9999999999998553, 0.9999999999998552, 0.999999999999855, 0.9999999999998549, 0.9999999999998548, 0.9999999999998543, 0.999999999999854, 0.999999999999853, 0.9999999999998528, 0.9999999999998526, 0.9999999999998525, 0.9999999999998523, 0.9999999999998522, 0.999999999999852, 0.9999999999998518, 0.9999999999998516, 0.9999999999998512, 0.999999999999851, 0.9999999999998508, 0.9999999999998507, 0.9999999999998506, 0.9999999999998501, 0.9999999999998496, 0.9999999999998493, 0.999999999999849, 0.9999999999998488, 0.9999999999998481, 0.9999999999998473, 0.9999999999998453, 0.9999999999998452, 0.9999999999998449, 0.9999999999998448, 0.9999999999998435, 0.9999999999998433, 0.9999999999998411, 0.9999999999998409, 0.99999999999984, 0.9999999999998399, 0.9999999999998394, 0.999999999999839, 0.9999999999998387, 0.9999999999998386, 0.9999999999998382, 0.999999999999838, 0.9999999999998375, 0.9999999999998367, 0.9999999999998359, 0.9999999999998345, 0.9999999999998338, 0.9999999999998329, 0.9999999999998328, 0.9999999999998327, 0.9999999999998316, 0.9999999999998315, 0.9999999999998307, 0.9999999999998298, 0.9999999999998278, 0.9999999999998276, 0.9999999999998275, 0.9999999999998274, 0.9999999999998266, 0.9999999999998264, 0.9999999999998257, 0.9999999999998256, 0.9999999999998251, 0.9999999999998243, 0.9999999999998239, 0.9999999999998236, 0.9999999999998225, 0.9999999999998223, 0.9999999999998215, 0.9999999999998209, 0.9999999999998203, 0.9999999999998199, 0.9999999999998197, 0.9999999999998193, 0.9999999999998127, 0.9999999999998119, 0.9999999999998109, 0.9999999999998108, 0.9999999999998097, 0.9999999999998092, 0.999999999999809, 0.9999999999998084, 0.9999999999998029, 0.9999999999998027, 0.9999999999998022, 0.9999999999998018, 0.9999999999998015, 0.9999999999998008, 0.9999999999997911, 0.9999999999997908, 0.9999999999997903, 0.9999999999997901, 0.9999999999997884, 0.9999999999997878, 0.9999999999997694, 0.9999999999997687, 0.9999999999997652, 0.9999999999997651, 0.9999999999997616, 0.9999999999997597, 0.9999999999997204, 0.9999999999997198, 0.9999999999997078, 0.9999999999997067, 0.9999999999996094, 0.9999999999996088, 0.9999999999995984, 0.9999999999995942, 0.9999999999995471, 0.9999999999995446, 0.690675363380387, 0.5947595427709935, 0.5889778771363517, 0.5659621564246012, 0.5577995887381489, 3.003572059458086e-16, 0.0
