Detector: pointnet
Area Under ROC (overall): 0.9937759484609877
# benign: 1000    # malign: 4191

AUC by adversary (all benign vs that adversary's malign, weakest detection first):
  tetwild                          AUC=0.9920  (# malign: 691)
  faceswap                         AUC=0.9934  (# malign: 700)
  rigid                            AUC=0.9940  (# malign: 700)
  degenerate                       AUC=0.9942  (# malign: 700)
  disconnected                     AUC=0.9944  (# malign: 700)
  jitter                           AUC=0.9947  (# malign: 700)

Overall ROC curve:
False Positive Rates 0.0, 0.0, 0.0, 0.0, 0.0, 0.0, 0.0, 0.0, 0.0, 0.0, 0.0, 0.0, 0.0, 0.0, 0.0, 0.001, 0.001, 0.001, 0.001, 0.001, 0.001, 0.001, 0.001, 0.001, 0.001, 0.001, 0.001, 0.001, 0.001, 0.001, 0.001, 0.001, 0.001, 0.001, 0.001, 0.001, 0.001, 0.001, 0.001, 0.001, 0.001, 0.001, 0.001, 0.002, 0.002, 0.003, 0.003, 0.003, 0.003, 0.004, 0.004, 0.004, 0.004, 0.005, 0.005, 0.006, 0.006, 0.007, 0.007, 0.007, 0.007, 0.008, 0.008, 0.008, 0.008, 0.009, 0.009, 0.01, 0.01, 0.01, 0.01, 0.01, 0.01, 0.011, 0.011, 0.012, 0.012, 0.013, 0.013, 0.013, 0.013, 0.014, 0.014, 0.015, 0.015, 0.016, 0.016, 0.018, 0.018, 0.019, 0.019, 0.02, 0.02, 0.021, 0.021, 0.021, 0.021, 0.022, 0.022, 0.022, 0.022, 0.023, 0.023, 0.024, 0.024, 0.024, 0.024, 0.026, 0.026, 0.027, 0.027, 0.028, 0.028, 0.028, 0.028, 0.029, 0.029, 0.03, 0.03, 0.031, 0.031, 0.032, 0.032, 0.033, 0.033, 0.034, 0.034, 0.036, 0.036, 0.037, 0.037, 0.038, 0.038, 0.039, 0.039, 0.041, 0.041, 0.042, 0.042, 0.044, 0.044, 0.045, 0.045, 0.049, 0.049, 0.053, 0.053, 0.055, 0.055, 0.058, 0.058, 0.059, 0.059, 0.081, 0.081, 0.503, 0.505, 0.917, 0.919, 0.992, 1.0
True Positive Rates 0.0, 0.00023860653781913624, 0.01455499880696731, 0.026485325697924122, 0.04127893104271057, 0.05320925793366738, 0.0598902409926032, 0.07182056788356, 0.07826294440467668, 0.07874015748031496, 0.154139823431162, 0.16607015032211883, 0.18014793605344787, 0.19207826294440467, 0.19995227869243618, 0.19995227869243618, 0.21021235981865904, 0.22214268670961584, 0.23192555476020044, 0.24385588165115724, 0.24862801240753996, 0.26055833929849676, 0.26962538773562394, 0.27010260081126225, 0.2870436649964209, 0.2989739918873777, 0.3087568599379623, 0.3206871868289191, 0.34526366022429017, 0.35719398711524697, 0.3667382486280124, 0.37819136244333096, 0.3786685755189692, 0.4297303746122644, 0.4416607015032212, 0.4461942257217848, 0.46957766642806015, 0.4958243855881651, 0.4963015986638034, 0.507754712479122, 0.5335242185635887, 0.5454545454545454, 0.5635886423287998, 0.5635886423287998, 0.5838701980434264, 0.5838701980434264, 0.5979479837747554, 0.609401097590074, 0.6198997852541159, 0.6198997852541159, 0.6516344547840611, 0.6633261751371987, 0.6664280601288475, 0.6664280601288475, 0.6673824862801241, 0.6673824862801241, 0.6800286327845383, 0.6800286327845383, 0.6819374850870914, 0.69339059890241, 0.7167740396086852, 0.7167740396086852, 0.7170126461465044, 0.7287043664996421, 0.7363397757098544, 0.7363397757098544, 0.7418277260796946, 0.7418277260796946, 0.7523264137437365, 0.7637795275590551, 0.7652111667859699, 0.7771414936769268, 0.7783345263660224, 0.7783345263660224, 0.7850155094249582, 0.7850155094249582, 0.7890718205678836, 0.7890718205678836, 0.8162729658792651, 0.8272488666189454, 0.8413266523502744, 0.8413266523502744, 0.8451443569553806, 0.8451443569553806, 0.851109520400859, 0.851109520400859, 0.8530183727034121, 0.8530183727034121, 0.8568360773085183, 0.8568360773085183, 0.8764018134096875, 0.8764018134096875, 0.8771176330231448, 0.8771176330231448, 0.886184681460272, 0.8978764018134097, 0.8988308279646863, 0.8988308279646863, 0.9033643521832498, 0.9150560725363875, 0.9236459078978764, 0.9236459078978764, 0.931758530183727, 0.931758530183727, 0.9408255786208543, 0.9520400858983536, 0.9568122166547364, 0.9568122166547364, 0.9575280362681937, 0.9575280362681937, 0.9591982820329277, 0.9591982820329277, 0.9613457408732999, 0.9723216416129802, 0.9730374612264376, 0.9730374612264376, 0.9732760677642568, 0.9732760677642568, 0.9809114769744691, 0.9809114769744691, 0.9847291815795752, 0.9847291815795752, 0.9871152469577666, 0.9871152469577666, 0.989501312335958, 0.989501312335958, 0.9914101646385111, 0.9914101646385111, 0.9940348365545216, 0.9940348365545216, 0.994750656167979, 0.994750656167979, 0.9954664757814364, 0.9954664757814364, 0.9957050823192556, 0.9957050823192556, 0.9966595084705321, 0.9966595084705321, 0.9968981150083512, 0.9968981150083512, 0.9973753280839895, 0.9973753280839895, 0.9978525411596277, 0.9978525411596277, 0.9980911476974469, 0.9980911476974469, 0.9990455738487235, 0.9990455738487235, 0.9992841803865425, 0.9992841803865425, 0.9995227869243617, 0.9995227869243617, 0.9997613934621808, 0.9997613934621808, 1.0, 1.0, 1.0, 1.0, 1.0, 1.0, 1.0
Thresholds inf, 0.9998871882756551, 0.9996767441431681, 0.9996762275695801, 0.9995040893554688, 0.9995002150535583, 0.999398668607076, 0.9993966420491537, 0.9992814064025879, 0.9992784460385641, 0.9968032439549764, 0.9967737992604574, 0.9963379303614298, 0.9963241815567017, 0.9959945678710938, 0.9959882100423177, 0.9956280986467997, 0.9956080714861552, 0.9952451586723328, 0.9952398538589478, 0.995079239209493, 0.9950616757074991, 0.9946244359016418, 0.9946192502975464, 0.9936593373616537, 0.9936553438504537, 0.9930347204208374, 0.993020494778951, 0.9914254148801168, 0.9914083878199259, 0.9907590945561727, 0.9907558560371399, 0.9907557765642802, 0.9873081843058268, 0.9872933228810629, 0.9871508876482645, 0.9871508479118347, 0.9858811299006144, 0.9858740170796713, 0.9858739376068115, 0.9835760792096456, 0.9835748275121053, 0.9814377427101135, 0.9814075827598572, 0.9774333834648132, 0.9774331847826639, 0.9744510451952616, 0.974410355091095, 0.9729881087938944, 0.9729618032773336, 0.9672866861025492, 0.9672092398007711, 0.9666245977083842, 0.9665213227272034, 0.9664636850357056, 0.9664557774861654, 0.9639024138450623, 0.9638417363166809, 0.9632593194643656, 0.9632590810457865, 0.9575644532839457, 0.9575366377830505, 0.9575191338857015, 0.9575191140174866, 0.9554088513056437, 0.9554024736086527, 0.9534314473470052, 0.953394333521525, 0.9497897823651632, 0.9497895439465841, 0.949334998925527, 0.9490834275881449, 0.9486874540646871, 0.948670506477356, 0.9453153014183044, 0.9450596570968628, 0.9427612026532491, 0.9427334070205688, 0.9269526799519857, 0.9268833597501119, 0.915906548500061, 0.9157511989275614, 0.9132998585700989, 0.9131308992703756, 0.9093867739041647, 0.9093620181083679, 0.9085465868314108, 0.9083550373713175, 0.9067070086797079, 0.9066736896832784, 0.8980050086975098, 0.8978194991747538, 0.8974519371986389, 0.8971162637074789, 0.8926439881324768, 0.8920410474141439, 0.8916810154914856, 0.89161749680837, 0.8891701102256775, 0.8891109824180603, 0.8839116295178732, 0.8834762771924337, 0.8770386179288229, 0.8769716223080953, 0.8690185944239298, 0.8689502676328024, 0.8615440130233765, 0.861266295115153, 0.86067134141922, 0.8604092995325724, 0.8569795687993368, 0.8568604588508606, 0.853920559088389, 0.8537897268931071, 0.8529414335886637, 0.8526180982589722, 0.8523277640342712, 0.8514235417048136, 0.8404674331347147, 0.8403382500012716, 0.8292368054389954, 0.8287786841392517, 0.8249902327855428, 0.8240952889124552, 0.8104909261067709, 0.8103607694307963, 0.8022193312644958, 0.8009447256724039, 0.788142204284668, 0.7875068187713623, 0.7836557428042094, 0.7754929264386495, 0.771681030591329, 0.7703702449798584, 0.7648755113283793, 0.7611386775970459, 0.7510886589686075, 0.7490001122156779, 0.7454217871030172, 0.7422250509262085, 0.738564113775889, 0.7289720177650452, 0.7223344147205353, 0.7101119558016459, 0.6722258726755778, 0.6583642363548279, 0.6348023315270742, 0.6269379258155823, 0.6188187400499979, 0.6107285618782043, 0.6099071502685547, 0.6068202257156372, 0.6006286144256592, 0.3958856016397476, 0.3815665195385615, 0.00012338288555232188, 0.00012004251167733553, 7.296686721502965e-08, 7.040617986768065e-08, 5.5498594724497546e-12, 0.0
