Detector: shape_distribution
Area Under ROC (overall): 0.9999534717251252
# benign: 1000    # malign: 4191

AUC by adversary (all benign vs that adversary's malign, weakest detection first):
  tetwild                          AUC=0.9998  (# malign: 691)
  faceswap                         AUC=0.9999  (# malign: 700)
  jitter                           AUC=1.0000  (# malign: 700)
  degenerate                       AUC=1.0000  (# malign: 700)
  rigid                            AUC=1.0000  (# malign: 700)
  disconnected                     AUC=1.0000  (# malign: 700)

Overall ROC curve:
False Positive Rates 0.0, 0.0, 0.0, 0.0, 0.0, 0.0, 0.0, 0.0, 0.0, 0.0, 0.0, 0.0, 0.0, 0.0, 0.0, 0.0, 0.0, 0.0, 0.0, 0.0, 0.0, 0.0, 0.0, 0.0, 0.0, 0.0, 0.0, 0.0, 0.0, 0.0, 0.0, 0.0, 0.0, 0.0, 0.0, 0.0, 0.0, 0.0, 0.0, 0.0, 0.0, 0.0, 0.0, 0.0, 0.0, 0.0, 0.0, 0.0, 0.0, 0.0, 0.0, 0.0, 0.0, 0.0, 0.0, 0.0, 0.0, 0.0, 0.0, 0.0, 0.0, 0.0, 0.0, 0.0, 0.0, 0.0, 0.0, 0.0, 0.0, 0.0, 0.0, 0.0, 0.0, 0.0, 0.0, 0.0, 0.0, 0.0, 0.0, 0.0, 0.0, 0.0, 0.0, 0.0, 0.0, 0.0, 0.0, 0.0, 0.0, 0.0, 0.0, 0.0, 0.0, 0.0, 0.0, 0.0, 0.0, 0.0, 0.0, 0.0, 0.0, 0.0, 0.0, 0.0, 0.0, 0.0, 0.0, 0.0, 0.0, 0.0, 0.0, 0.0, 0.0, 0.0, 0.0, 0.0, 0.0, 0.0, 0.0, 0.0, 0.0, 0.0, 0.0, 0.0, 0.0, 0.0, 0.0, 0.0, 0.0, 0.0, 0.0, 0.0, 0.0, 0.0, 0.0, 0.0, 0.0, 0.0, 0.0, 0.0, 0.0, 0.0, 0.0, 0.0, 0.0, 0.0, 0.0, 0.0, 0.0, 0.0, 0.0, 0.0, 0.0, 0.0, 0.0, 0.0, 0.0, 0.0, 0.0, 0.0, 0.0, 0.0, 0.0, 0.0, 0.0, 0.0, 0.0, 0.0, 0.0, 0.0, 0.0, 0.0, 0.0, 0.0, 0.0, 0.0, 0.0, 0.0, 0.0, 0.0, 0.0, 0.0, 0.0, 0.0, 0.0, 0.0, 0.0, 0.0, 0.0, 0.0, 0.0, 0.0, 0.0, 0.0, 0.0, 0.0, 0.0, 0.0, 0.0, 0.0, 0.0, 0.0, 0.0, 0.0, 0.0, 0.0, 0.0, 0.0, 0.0, 0.0, 0.0, 0.0, 0.0, 0.0, 0.0, 0.0, 0.0, 0.0, 0.0, 0.0, 0.0, 0.0, 0.0, 0.0, 0.0, 0.0, 0.0, 0.0, 0.0, 0.0, 0.0, 0.0, 0.0, 0.0, 0.0, 0.0, 0.0, 0.0, 0.0, 0.0, 0.0, 0.0, 0.0, 0.0, 0.0, 0.0, 0.0, 0.0, 0.0, 0.0, 0.0, 0.0, 0.0, 0.0, 0.0, 0.0, 0.0, 0.0, 0.0, 0.0, 0.0, 0.0, 0.0, 0.0, 0.0, 0.0, 0.0, 0.0, 0.0, 0.0, 0.0, 0.0, 0.0, 0.0, 0.0, 0.0, 0.0, 0.0, 0.0, 0.0, 0.0, 0.0, 0.0, 0.0, 0.0, 0.0, 0.0, 0.0, 0.0, 0.0, 0.0, 0.0, 0.0, 0.0, 0.0, 0.0, 0.0, 0.0, 0.0, 0.0, 0.0, 0.0, 0.0, 0.0, 0.0, 0.0, 0.0, 0.0, 0.0, 0.0, 0.0, 0.0, 0.0, 0.0, 0.0, 0.0, 0.0, 0.0, 0.0, 0.0, 0.0, 0.0, 0.0, 0.0, 0.0, 0.0, 0.0, 0.0, 0.0, 0.0, 0.0, 0.0, 0.0, 0.0, 0.0, 0.0, 0.0, 0.0, 0.0, 0.0, 0.0, 0.0, 0.0, 0.0, 0.0, 0.0, 0.0, 0.0, 0.0, 0.0, 0.0, 0.0, 0.0, 0.0, 0.0, 0.0, 0.0, 0.0, 0.0, 0.0, 0.0, 0.0, 0.0, 0.0, 0.0, 0.0, 0.0, 0.0, 0.0, 0.0, 0.0, 0.0, 0.0, 0.0, 0.0, 0.0, 0.0, 0.0, 0.0, 0.0, 0.001, 0.001, 0.002, 0.002, 0.003, 0.003, 0.004, 0.004, 0.006, 0.006, 0.007, 0.007, 0.011, 0.011, 0.028, 0.028, 0.169, 0.171, 0.417, 0.419, 0.42, 0.422, 0.425, 0.429, 0.602, 0.605, 0.609, 0.833, 0.835, 0.849, 0.851, 0.853, 0.855, 0.857, 0.859, 0.86, 0.87, 0.874, 0.875, 0.91, 0.911, 0.915, 0.936, 0.938, 0.992, 1.0
True Positive Rates 0.0, 0.0004772130756382725, 0.03769983297542353, 0.0796945836315915, 0.0868527797661656, 0.09711286089238845, 0.10164638511095204, 0.12288236697685516, 0.12980195657361013, 0.1343354807921737, 0.13910761154855644, 0.14053925077547125, 0.14387974230493916, 0.14650441422094965, 0.14936769267477928, 0.15151515151515152, 0.15294679074206632, 0.1534240038177046, 0.17227392030541636, 0.17275113338105463, 0.17489859222142687, 0.17585301837270342, 0.17633023144834167, 0.1770460510617991, 0.1784776902887139, 0.1791935099021713, 0.180386542591267, 0.18086375566690527, 0.18110236220472442, 0.18205678835600095, 0.18253400143163923, 0.18348842758291578, 0.18396564065855406, 0.18468146027201146, 0.18515867334764974, 0.185635886423288, 0.1875447387258411, 0.18802195180147935, 0.18945359102839418, 0.18993080410403246, 0.19016941064185158, 0.19064662371748986, 0.19136244333094726, 0.19183965640658554, 0.1927940825578621, 0.1935099021713195, 0.21188260558339297, 0.21426867096158433, 0.2357432593653066, 0.23932235743259364, 0.24051539012168932, 0.2436172751133381, 0.2448103078024338, 0.24695776664280603, 0.24982104509663564, 0.25196850393700787, 0.2529229300882844, 0.25483178239083754, 0.25626342161775234, 0.257456454306848, 0.2588880935337628, 0.2593653066094011, 0.2600811262228585, 0.278453829634932, 0.27940825578620854, 0.28083989501312334, 0.28131710808876165, 0.2825101407778573, 0.2829873538534956, 0.2832259603913147, 0.283703173466953, 0.2844189930804104, 0.28489620615604866, 0.2851348126938678, 0.2858506323073252, 0.2865664519207826, 0.28728227153424, 0.2882366976855166, 0.2887139107611549, 0.28990694345025053, 0.2908613696015271, 0.2922930088284419, 0.2927702219040802, 0.2999284180386543, 0.3004056311142925, 0.3013600572655691, 0.30183727034120733, 0.30231448341684564, 0.30255308995466473, 0.32092579336673827, 0.3388212837031735, 0.33977570985445, 0.3404915294679074, 0.34335480792173706, 0.34407062753519446, 0.345025053686471, 0.3464566929133858, 0.346695299451205, 0.3471725125268432, 0.3851109520400859, 0.40467668814125507, 0.40706275351944643, 0.4261512765449773, 0.42853734192316867, 0.43068480076354093, 0.4311620138391792, 0.43330947267955144, 0.4366499642090193, 0.43760439036029586, 0.43903602958721066, 0.44022906227630637, 0.4423765211166786, 0.44523979957050824, 0.4476258649486996, 0.44858029109997616, 0.4497733237890718, 0.4516821760916249, 0.4526366022429015, 0.4531138153185397, 0.45454545454545453, 0.45502266762109284, 0.4562157003101885, 0.4569315199236459, 0.45788594607492245, 0.4581245526127416, 0.45931758530183725, 0.4607492245287521, 0.46122643760439036, 0.46313528990694347, 0.46337389644476257, 0.4638511095204009, 0.46480553567167743, 0.46552135528513483, 0.4659985683607731, 0.4667143879742305, 0.4671916010498688, 0.48508709138630396, 0.4860415175375805, 0.4865187306132188, 0.4867573371510379, 0.488666189453591, 0.48985922214268673, 0.490336435218325, 0.4910522548317824, 0.49129086136960154, 0.4922452875208781, 0.4924838940586972, 0.49391553328561205, 0.4943927463612503, 0.49463135289906945, 0.4951085659747077, 0.49606299212598426, 0.4965402052016225, 0.4970174182772608, 0.49868766404199477, 0.53591028394178, 0.5549988069673109, 0.5757575757575758, 0.5774278215223098, 0.5969935576234788, 0.633977570985445, 0.654974946313529, 0.6564065855404438, 0.658554044380816, 0.6604628966833691, 0.6626103555237414, 0.6640419947506562, 0.6664280601288475, 0.6678596993557624, 0.6697685516583154, 0.6714387974230493, 0.6728704366499642, 0.6738248628012408, 0.6762109281794321, 0.6795514197089, 0.6805058458601766, 0.6826533047005487, 0.6845621570031019, 0.6857551896921976, 0.6895728942973037, 0.6902887139107612, 0.6929133858267716, 0.6943450250536864, 0.6967310904318779, 0.6979241231209735, 0.6993557623478883, 0.6998329754235266, 0.7012646146504414, 0.7034120734908137, 0.7038892865664519, 0.7050823192555477, 0.7072297780959198, 0.7081842042471964, 0.7084228107850155, 0.71271772846576, 0.7141493676926748, 0.7155810069195896, 0.7174898592221427, 0.7177284657599619, 0.7189214984490575, 0.719637318062515, 0.7208303507516106, 0.7213075638272489, 0.7220233834407063, 0.7232164161298019, 0.7239322357432594, 0.725125268432355, 0.7258410880458125, 0.726795514197089, 0.7272727272727273, 0.7294201861130994, 0.7298973991887377, 0.7306132188021952, 0.7315676449534717, 0.7351467430207588, 0.7361011691720353, 0.7368169887854927, 0.7382486280124075, 0.7394416607015032, 0.7403960868527798, 0.740634693390599, 0.7413505130040563, 0.7423049391553329, 0.7430207587687903, 0.7432593653066094, 0.7442137914578859, 0.7444523979957051, 0.7449296110713434, 0.7456454306848007, 0.7475542829873538, 0.747792889525173, 0.7497017418277261, 0.7499403483655452, 0.7504175614411834, 0.7511333810546409, 0.7518492006680983, 0.7520878072059174, 0.7525650202815557, 0.7532808398950132, 0.7542352660462897, 0.7544738725841088, 0.7551896921975663, 0.7561441183488428, 0.7570985445001193, 0.7575757575757576, 0.7580529706513959, 0.7585301837270341, 0.7594846098783107, 0.759961822953949, 0.7606776425674063, 0.761870675256502, 0.7628251014077786, 0.7635409210212359, 0.7644953471725126, 0.7664041994750657, 0.7678358387019805, 0.7683130517776187, 0.7690288713910761, 0.7692674779288953, 0.7699832975423526, 0.7704605106179909, 0.7726079694583632, 0.7735623956096397, 0.774039608685278, 0.7745168217609163, 0.7778573132903842, 0.7783345263660224, 0.7790503459794799, 0.7800047721307564, 0.7804819852063947, 0.780959198282033, 0.7819136244333095, 0.7823908375089478, 0.7835838701980434, 0.7840610832736817, 0.7852541159627774, 0.7857313290384157, 0.786447148651873, 0.7869243617275113, 0.7871629682653305, 0.7876401813409687, 0.7888332140300645, 0.7893104271057026, 0.7895490336435218, 0.7900262467191601, 0.7912192794082558, 0.7916964924838941, 0.7926509186351706, 0.7931281317108089, 0.7940825578620854, 0.7945597709377237, 0.7974230493915533, 0.7979002624671916, 0.7995705082319255, 0.8000477213075639, 0.8036268193748509, 0.8041040324504891, 0.8045812455261274, 0.8050584586017657, 0.8055356716774039, 0.8060128847530422, 0.807444523979957, 0.8079217370555953, 0.8122166547363397, 0.8296349319971367, 0.8379861608208065, 0.8384633738964448, 0.8394178000477213, 0.8403722261989979, 0.8513481269386781, 0.8692436172751133, 0.8694822238129325, 0.905273204485803, 0.905511811023622, 0.9059890240992603, 0.9062276306370795, 0.9069434502505369, 0.9088523025530899, 0.9102839417800048, 0.9105225483178239, 0.9114769744691005, 0.9117155810069196, 0.9126700071581961, 0.9133858267716536, 0.9138630398472918, 0.9145788594607492, 0.916010498687664, 0.9167263183011215, 0.9191123836793128, 0.9198282032927703, 0.9200668098305893, 0.9226914817465999, 0.9236459078978764, 0.9238845144356955, 0.924600334049153, 0.9255547602004295, 0.9260319732760678, 0.9269863994273443, 0.9288952517298974, 0.930088284418993, 0.9303268909568122, 0.931758530183727, 0.9331901694106418, 0.933428775948461, 0.9346218086375566, 0.9355762347888332, 0.9362920544022906, 0.9372464805535672, 0.9374850870913863, 0.9384395132426628, 0.938678119780482, 0.9391553328561203, 0.9398711524695776, 0.940348365545216, 0.9405869720830351, 0.9410641851586733, 0.9422572178477691, 0.9436888570746839, 0.9441660701503222, 0.9453591028394178, 0.945597709377237, 0.9463135289906943, 0.9465521355285135, 0.9470293486041518, 0.94750656167979, 0.9479837747554283, 0.9482223812932474, 0.9486995943688857, 0.9494154139823431, 0.951085659747077, 0.9525172989739918, 0.9532331185874493, 0.9541875447387258, 0.9546647578143641, 0.9551419708900024, 0.9577666428060129, 0.9582438558816512, 0.9608685277976616, 0.9613457408732999, 0.9794798377475543, 0.9794798377475543, 0.9957050823192556, 0.9957050823192556, 0.9961822953948938, 0.9961822953948938, 0.9968981150083512, 0.9968981150083512, 0.9971367215461704, 0.9971367215461704, 0.9978525411596277, 0.9978525411596277, 0.9992841803865425, 0.9992841803865425, 0.9997613934621808, 0.9997613934621808, 1.0, 1.0, 1.0, 1.0, 1.0, 1.0, 1.0, 1.0, 1.0, 1.0, 1.0, 1.0, 1.0, 1.0, 1.0, 1.0, 1.0, 1.0, 1.0, 1.0, 1.0, 1.0, 1.0, 1.0, 1.0, 1.0, 1.0, 1.0, 1.0, 1.0, 1.0
Thresholds inf, 0.9999924500783285, 0.9999924103418986, 0.9999923706054688, 0.9999923308690389, 0.999992291132609, 0.9999922513961792, 0.9999922116597494, 0.9999921719233195, 0.9999921321868896, 0.9999920527140299, 0.9999920129776001, 0.9999919732411703, 0.9999919335047404, 0.9999918937683105, 0.9999918540318807, 0.9999918142954508, 0.999991774559021, 0.9999917348225912, 0.9999916950861613, 0.9999916553497314, 0.9999916156133016, 0.9999915758768717, 0.9999915361404419, 0.9999914964040121, 0.9999914566675822, 0.9999913771947225, 0.9999913374582926, 0.9999912977218628, 0.999991257985433, 0.999991218249003, 0.9999911785125732, 0.9999911387761434, 0.9999910990397135, 0.9999910195668539, 0.9999909003575643, 0.9999907811482748, 0.9999907414118449, 0.9999904632568359, 0.9999904235204061, 0.9999903837839762, 0.9999903043111166, 0.9999902645746866, 0.9999901453653971, 0.9999898672103882, 0.9999896685282389, 0.9999896287918091, 0.9999895890553793, 0.9999895493189493, 0.9999895095825195, 0.9999894698460897, 0.9999894301096598, 0.99998939037323, 0.9999893506368002, 0.9999892711639404, 0.9999892314275106, 0.9999891916910807, 0.9999891519546509, 0.9999890724817911, 0.9999890327453613, 0.9999889930089315, 0.9999889532725016, 0.9999889135360718, 0.999988873799642, 0.999988834063212, 0.9999887148539225, 0.9999886353810629, 0.9999885956446329, 0.9999885559082031, 0.9999885161717733, 0.9999884764353434, 0.9999884366989136, 0.9999883969624838, 0.9999883572260538, 0.9999882777531942, 0.9999880790710449, 0.9999880393346151, 0.9999876419703165, 0.9999875624974569, 0.9999873240788778, 0.9999872446060181, 0.9999863704045614, 0.9999863306681315, 0.9999833901723226, 0.9999833504358927, 0.9999833106994629, 0.9999831517537435, 0.9999830722808838, 0.999983032544454, 0.9999829530715942, 0.9999829133351644, 0.9999828338623047, 0.9999827941258749, 0.9999826351801554, 0.9999825954437256, 0.9999825159708658, 0.9999824364980062, 0.9999823967615763, 0.9999823570251465, 0.9999823172887167, 0.9999822775522867, 0.9999822378158569, 0.9999821980794271, 0.9999821583429972, 0.9999821186065674, 0.9999820788701376, 0.9999820391337076, 0.999981959660848, 0.9999819199244181, 0.9999818801879883, 0.9999818404515585, 0.9999818007151285, 0.9999817212422689, 0.9999816417694092, 0.9999816020329794, 0.9999815622965494, 0.9999815225601196, 0.9999814828236898, 0.9999814430872599, 0.9999814033508301, 0.9999813238779703, 0.9999812841415405, 0.9999812444051107, 0.9999812046686808, 0.999981164932251, 0.9999811251958212, 0.9999810854593912, 0.9999810457229614, 0.9999809662501017, 0.9999809265136719, 0.9999808867772421, 0.9999808470408121, 0.9999807675679525, 0.9999807278315226, 0.9999806880950928, 0.999980648358663, 0.999980608622233, 0.9999805688858032, 0.9999805291493734, 0.9999804894129435, 0.9999803304672241, 0.9999802907307943, 0.9999802112579346, 0.9999801715215048, 0.9999801317850748, 0.999980092048645, 0.9999800523122152, 0.9999799728393555, 0.9999799331029257, 0.9999798933664957, 0.9999798536300659, 0.9999798138936361, 0.9999797741572062, 0.9999796946843466, 0.9999796549479166, 0.9999796152114868, 0.999979575475057, 0.9999795357386271, 0.9999794960021973, 0.9999794562657675, 0.9999794165293375, 0.9999793767929077, 0.9999793370564779, 0.999979297320048, 0.9999792575836182, 0.9999792178471884, 0.9999791781107584, 0.9999791383743286, 0.9999790986378988, 0.9999790589014689, 0.9999790191650391, 0.9999789794286092, 0.9999789396921793, 0.9999788999557495, 0.9999788602193197, 0.9999788204828898, 0.99997878074646, 0.9999787410100301, 0.9999787012736002, 0.9999786218007406, 0.9999785820643107, 0.9999785423278809, 0.999978502591451, 0.9999784628550211, 0.9999784231185913, 0.9999783833821615, 0.9999783436457316, 0.9999783039093018, 0.999978264172872, 0.999978224436442, 0.9999781847000122, 0.9999780654907227, 0.9999779860178629, 0.9999779462814331, 0.9999778270721436, 0.9999777475992838, 0.999977707862854, 0.9999776283899943, 0.9999775886535645, 0.9999775091807047, 0.9999774694442749, 0.9999774297078451, 0.9999773502349854, 0.9999773104985555, 0.9999772707621256, 0.9999772310256958, 0.999977191289266, 0.9999771515528361, 0.9999771118164062, 0.9999770720799764, 0.9999769528706869, 0.999976913134257, 0.9999768733978271, 0.9999768336613973, 0.9999767144521078, 0.9999766747156779, 0.9999765157699585, 0.999976396560669, 0.9999763568242391, 0.9999763170878092, 0.9999762376149496, 0.9999761978785197, 0.9999760389328003, 0.9999759991963705, 0.9999759594599406, 0.9999758799870809, 0.999975840250651, 0.9999758005142212, 0.9999757607777914, 0.9999756813049316, 0.9999754428863525, 0.9999752839406332, 0.9999752442042033, 0.9999752044677734, 0.9999750852584839, 0.9999750057856241, 0.9999749660491943, 0.9999749263127645, 0.9999748865763346, 0.999974807103475, 0.999974767367045, 0.9999747276306152, 0.9999745686848959, 0.999974528948466, 0.9999744892120361, 0.9999744097391764, 0.9999743302663168, 0.9999741713205973, 0.9999741315841675, 0.9999740918477377, 0.9999737739562988, 0.9999736547470093, 0.9999736150105795, 0.9999735355377197, 0.9999733765920004, 0.9999728600184122, 0.9999727805455526, 0.9999727408091227, 0.9999727010726929, 0.9999725421269735, 0.9999725023905436, 0.9999719460805258, 0.9999717473983765, 0.9999716679255167, 0.9999715884526571, 0.9999703566233317, 0.9999703168869019, 0.9999701579411825, 0.9999700784683228, 0.9999697605768839, 0.9999696413675944, 0.9999694426854452, 0.9999692440032959, 0.999968409538269, 0.9999683300654093, 0.999967614809672, 0.9999675750732422, 0.9999673366546631, 0.9999669790267944, 0.9999669392903646, 0.9999668200810751, 0.9999663035074869, 0.9999662637710571, 0.9999661842981974, 0.9999659458796183, 0.9999656279881796, 0.9999655485153198, 0.9999643564224243, 0.9999643166859945, 0.9999636014302572, 0.9999634424845377, 0.9999618530273438, 0.9999616146087646, 0.9999593496322632, 0.9999592701594034, 0.9999567270278931, 0.9999564488728842, 0.9999554554621378, 0.9999553362528483, 0.9999552567799886, 0.9999550978342692, 0.9999537070592245, 0.9999536673227946, 0.9999468723932902, 0.9999466339747111, 0.999938448270162, 0.9999384085337321, 0.9999375542004904, 0.9999366998672485, 0.9999036391576132, 0.9999034206072489, 0.9999033013979594, 0.9999031027158102, 0.9999030629793803, 0.9999030232429504, 0.9999029437700907, 0.9999029040336609, 0.9999027848243713, 0.9999027450879415, 0.9999027053515116, 0.9999025066693624, 0.9999024669329325, 0.9999024271965027, 0.9999023874600729, 0.999902347723643, 0.9999023079872131, 0.9999022682507833, 0.9999022285143534, 0.9999021490414938, 0.999902069568634, 0.9999020298322042, 0.9999019900957743, 0.9999019106229147, 0.9999018907546997, 0.9999018708864847, 0.9999018311500549, 0.9999017914136251, 0.9999017516771952, 0.9999017119407654, 0.9999016722043356, 0.9999016324679056, 0.999901552995046, 0.9999015132586161, 0.9999014735221863, 0.9999014337857565, 0.9999013543128967, 0.9999013145764669, 0.999901274840037, 0.9999012351036072, 0.9999011953671774, 0.9999011556307474, 0.9999011158943176, 0.9999010761578878, 0.9999010364214579, 0.9999009966850281, 0.9999009569485983, 0.9999008774757385, 0.9999007980028788, 0.9999007185300192, 0.9999006787935892, 0.9999006390571594, 0.9999005595842997, 0.9999005198478699, 0.9999004801114401, 0.9999003211657206, 0.9999002814292908, 0.999900201956431, 0.9999001622200012, 0.9999001224835714, 0.999899685382843, 0.9998994072278341, 0.9998990893363953, 0.999898890654246, 0.9998986124992371, 0.9998984932899475, 0.9998966654141744, 0.9998965859413147, 0.9998945196469625, 0.9998944799105326, 0.9997700452804565, 0.9997616410255432, 0.7209070722262064, 0.7162084678808848, 0.6841289003690084, 0.6827135557929674, 0.670677493326366, 0.6705044324820241, 0.6683492792459825, 0.6667688607412856, 0.6660959426687137, 0.6659284278769823, 0.5429324011007944, 0.41133548816045123, 0.33677619548204046, 0.008575396258493129, 0.007144373881601496, 4.858208861454235e-05, 4.856836282366809e-05, 4.4674209675577004e-05, 4.467417147679953e-05, 4.467416601983132e-05, 4.467415995653331e-05, 4.467414055397967e-05, 4.467413085270285e-05, 4.2973272532738825e-05, 4.2973237668775255e-05, 4.297323494029115e-05, 3.9716924068973945e-05, 3.971690724332196e-05, 3.9716833877416015e-05, 3.971683114893191e-05, 3.97168256919637e-05, 3.971682463088655e-05, 3.971682220556735e-05, 3.971681826442364e-05, 3.9716817961258734e-05, 3.9716815839104434e-05, 3.971681553593953e-05, 3.971681462644483e-05, 3.971681311062033e-05, 3.971678809951603e-05, 3.971674520168259e-05, 3.779232489857046e-05, 3.754495507261405e-05, 3.592730521025563e-05, 0.0
