Detector: always_random
Area Under ROC (overall): 0.4840324504891434
# benign: 1000    # malign: 4191

AUC by adversary (all benign vs that adversary's malign, weakest detection first):
  degenerate                       AUC=0.4687  (# malign: 700)
  rigid                            AUC=0.4727  (# malign: 700)
  faceswap                         AUC=0.4799  (# malign: 700)
  tetwild                          AUC=0.4834  (# malign: 691)
  disconnected                     AUC=0.4932  (# malign: 700)
  jitter                           AUC=0.5063  (# malign: 700)

Overall ROC curve:
False Positive Rates 0.0, 0.0, 0.0, 0.001, 0.001, 0.002, 0.002, 0.003, 0.003, 0.004, 0.004, 0.005, 0.005, 0.007, 0.007, 0.008, 0.008, 0.009, 0.009, 0.01, 0.01, 0.011, 0.011, 0.013, 0.013, 0.014, 0.014, 0.015, 0.015, 0.016, 0.016, 0.017, 0.017, 0.019, 0.019, 0.02, 0.02, 0.021, 0.021, 0.022, 0.022, 0.023, 0.023, 0.025, 0.025, 0.026, 0.026, 0.027, 0.027, 0.029, 0.029, 0.03, 0.03, 0.031, 0.031, 0.032, 0.032, 0.033, 0.033, 0.035, 0.035, 0.036, 0.036, 0.037, 0.037, 0.038, 0.038, 0.039, 0.039, 0.04, 0.04, 0.041, 0.041, 0.043, 0.043, 0.044, 0.044, 0.047, 0.047, 0.05, 0.05, 0.051, 0.051, 0.052, 0.052, 0.054, 0.054, 0.055, 0.055, 0.056, 0.056, 0.057, 0.057, 0.058, 0.058, 0.06, 0.06, 0.061, 0.061, 0.062, 0.062, 0.063, 0.063, 0.064, 0.064, 0.065, 0.065, 0.067, 0.067, 0.068, 0.068, 0.069, 0.069, 0.07, 0.07, 0.071, 0.071, 0.073, 0.073, 0.074, 0.074, 0.075, 0.075, 0.076, 0.076, 0.077, 0.077, 0.078, 0.078, 0.081, 0.081, 0.082, 0.082, 0.083, 0.083, 0.085, 0.085, 0.086, 0.086, 0.087, 0.087, 0.088, 0.088, 0.089, 0.089, 0.091, 0.091, 0.092, 0.092, 0.093, 0.093, 0.094, 0.094, 0.095, 0.095, 0.096, 0.096, 0.097, 0.097, 0.099, 0.099, 0.1, 0.1, 0.102, 0.102, 0.103, 0.103, 0.105, 0.105, 0.106, 0.106, 0.107, 0.107, 0.108, 0.108, 0.109, 0.109, 0.11, 0.11, 0.111, 0.111, 0.112, 0.112, 0.113, 0.113, 0.116, 0.116, 0.117, 0.117, 0.118, 0.118, 0.12, 0.12, 0.121, 0.121, 0.122, 0.122, 0.123, 0.123, 0.124, 0.124, 0.127, 0.127, 0.128, 0.128, 0.129, 0.129, 0.13, 0.13, 0.131, 0.131, 0.132, 0.132, 0.133, 0.133, 0.134, 0.134, 0.135, 0.135, 0.136, 0.136, 0.137, 0.137, 0.139, 0.139, 0.14, 0.14, 0.141, 0.141, 0.142, 0.142, 0.144, 0.144, 0.145, 0.145, 0.146, 0.146, 0.147, 0.147, 0.149, 0.149, 0.151, 0.151, 0.153, 0.153, 0.154, 0.154, 0.155, 0.155, 0.156, 0.156, 0.158, 0.158, 0.159, 0.159, 0.164, 0.164, 0.165, 0.165, 0.166, 0.166, 0.167, 0.167, 0.168, 0.168, 0.171, 0.171, 0.172, 0.172, 0.173, 0.173, 0.174, 0.174, 0.176, 0.176, 0.177, 0.177, 0.178, 0.178, 0.179, 0.179, 0.181, 0.181, 0.183, 0.183, 0.184, 0.184, 0.185, 0.185, 0.186, 0.186, 0.187, 0.187, 0.188, 0.188, 0.19, 0.19, 0.191, 0.191, 0.192, 0.192, 0.194, 0.194, 0.195, 0.195, 0.197, 0.197, 0.198, 0.198, 0.199, 0.199, 0.2, 0.2, 0.201, 0.201, 0.202, 0.202, 0.203, 0.203, 0.205, 0.205, 0.206, 0.206, 0.207, 0.207, 0.208, 0.208, 0.21, 0.21, 0.211, 0.211, 0.212, 0.212, 0.213, 0.213, 0.214, 0.214, 0.216, 0.216, 0.217, 0.217, 0.218, 0.218, 0.219, 0.219, 0.22, 0.22, 0.221, 0.221, 0.222, 0.222, 0.223, 0.223, 0.224, 0.224, 0.226, 0.226, 0.227, 0.227, 0.228, 0.228, 0.229, 0.229, 0.231, 0.231, 0.232, 0.232, 0.233, 0.233, 0.234, 0.234, 0.235, 0.235, 0.236, 0.236, 0.237, 0.237, 0.239, 0.239, 0.24, 0.24, 0.241, 0.241, 0.242, 0.242, 0.244, 0.244, 0.245, 0.245, 0.246, 0.246, 0.247, 0.247, 0.248, 0.248, 0.251, 0.251, 0.252, 0.252, 0.253, 0.253, 0.254, 0.254, 0.255, 0.255, 0.256, 0.256, 0.257, 0.257, 0.258, 0.258, 0.259, 0.259, 0.26, 0.26, 0.261, 0.261, 0.262, 0.262, 0.263, 0.263, 0.264, 0.264, 0.265, 0.265, 0.267, 0.267, 0.268, 0.268, 0.27, 0.27, 0.271, 0.271, 0.272, 0.272, 0.273, 0.273, 0.274, 0.274, 0.275, 0.275, 0.276, 0.276, 0.277, 0.277, 0.278, 0.278, 0.279, 0.279, 0.28, 0.28, 0.283, 0.283, 0.284, 0.284, 0.285, 0.285, 0.286, 0.286, 0.288, 0.288, 0.289, 0.289, 0.291, 0.291, 0.294, 0.294, 0.295, 0.295, 0.297, 0.297, 0.298, 0.298, 0.299, 0.299, 0.301, 0.301, 0.303, 0.303, 0.305, 0.305, 0.306, 0.306, 0.307, 0.307, 0.308, 0.308, 0.309, 0.309, 0.31, 0.31, 0.312, 0.312, 0.313, 0.313, 0.314, 0.314, 0.316, 0.316, 0.317, 0.317, 0.318, 0.318, 0.319, 0.319, 0.32, 0.32, 0.321, 0.321, 0.323, 0.323, 0.324, 0.324, 0.326, 0.326, 0.327, 0.327, 0.329, 0.329, 0.33, 0.33, 0.331, 0.331, 0.335, 0.335, 0.336, 0.336, 0.337, 0.337, 0.339, 0.339, 0.345, 0.345, 0.346, 0.346, 0.348, 0.348, 0.349, 0.349, 0.352, 0.352, 0.353, 0.353, 0.354, 0.354, 0.355, 0.355, 0.356, 0.356, 0.357, 0.357, 0.358, 0.358, 0.359, 0.359, 0.36, 0.36, 0.362, 0.362, 0.364, 0.364, 0.365, 0.365, 0.366, 0.366, 0.37, 0.37, 0.371, 0.371, 0.373, 0.373, 0.374, 0.374, 0.375, 0.375, 0.376, 0.376, 0.377, 0.377, 0.378, 0.378, 0.379, 0.379, 0.38, 0.38, 0.383, 0.383, 0.384, 0.384, 0.385, 0.385, 0.386, 0.386, 0.387, 0.387, 0.388, 0.388, 0.39, 0.39, 0.391, 0.391, 0.392, 0.392, 0.393, 0.393, 0.394, 0.394, 0.395, 0.395, 0.396, 0.396, 0.399, 0.399, 0.4, 0.4, 0.401, 0.401, 0.402, 0.402, 0.403, 0.403, 0.404, 0.404, 0.405, 0.405, 0.406, 0.406, 0.408, 0.408, 0.41, 0.41, 0.411, 0.411, 0.412, 0.412, 0.413, 0.413, 0.414, 0.414, 0.416, 0.416, 0.417, 0.417, 0.419, 0.419, 0.42, 0.42, 0.421, 0.421, 0.423, 0.423, 0.424, 0.424, 0.425, 0.425, 0.429, 0.429, 0.43, 0.43, 0.432, 0.432, 0.433, 0.433, 0.434, 0.434, 0.435, 0.435, 0.436, 0.436, 0.438, 0.438, 0.439, 0.439, 0.44, 0.44, 0.442, 0.442, 0.443, 0.443, 0.444, 0.444, 0.445, 0.445, 0.446, 0.446, 0.448, 0.448, 0.449, 0.449, 0.45, 0.45, 0.451, 0.451, 0.452, 0.452, 0.453, 0.453, 0.454, 0.454, 0.455, 0.455, 0.457, 0.457, 0.459, 0.459, 0.46, 0.46, 0.461, 0.461, 0.462, 0.462, 0.463, 0.463, 0.466, 0.466, 0.467, 0.467, 0.468, 0.468, 0.469, 0.469, 0.47, 0.47, 0.471, 0.471, 0.472, 0.472, 0.474, 0.474, 0.475, 0.475, 0.476, 0.476, 0.477, 0.477, 0.478, 0.478, 0.479, 0.479, 0.48, 0.48, 0.481, 0.481, 0.482, 0.482, 0.483, 0.483, 0.485, 0.485, 0.486, 0.486, 0.487, 0.487, 0.488, 0.488, 0.489, 0.489, 0.491, 0.491, 0.492, 0.492, 0.493, 0.493, 0.495, 0.495, 0.496, 0.496, 0.497, 0.497, 0.499, 0.499, 0.501, 0.501, 0.502, 0.502, 0.503, 0.503, 0.504, 0.504, 0.505, 0.505, 0.506, 0.506, 0.507, 0.507, 0.508, 0.508, 0.509, 0.509, 0.51, 0.51, 0.511, 0.511, 0.512, 0.512, 0.513, 0.513, 0.514, 0.514, 0.515, 0.515, 0.516, 0.516, 0.517, 0.517, 0.518, 0.518, 0.519, 0.519, 0.522, 0.522, 0.523, 0.523, 0.524, 0.524, 0.525, 0.525, 0.526, 0.526, 0.527, 0.527, 0.528, 0.528, 0.529, 0.529, 0.533, 0.533, 0.534, 0.534, 0.535, 0.535, 0.536, 0.536, 0.537, 0.537, 0.538, 0.538, 0.539, 0.539, 0.54, 0.54, 0.541, 0.541, 0.542, 0.542, 0.544, 0.544, 0.545, 0.545, 0.546, 0.546, 0.547, 0.547, 0.548, 0.548, 0.552, 0.552, 0.553, 0.553, 0.554, 0.554, 0.555, 0.555, 0.556, 0.556, 0.557, 0.557, 0.558, 0.558, 0.559, 0.559, 0.56, 0.56, 0.562, 0.562, 0.563, 0.563, 0.564, 0.564, 0.565, 0.565, 0.566, 0.566, 0.567, 0.567, 0.568, 0.568, 0.569, 0.569, 0.57, 0.57, 0.571, 0.571, 0.572, 0.572, 0.574, 0.574, 0.575, 0.575, 0.576, 0.576, 0.577, 0.577, 0.578, 0.578, 0.579, 0.579, 0.58, 0.58, 0.581, 0.581, 0.586, 0.586, 0.587, 0.587, 0.588, 0.588, 0.59, 0.59, 0.591, 0.591, 0.592, 0.592, 0.593, 0.593, 0.594, 0.594, 0.596, 0.596, 0.598, 0.598, 0.599, 0.599, 0.6, 0.6, 0.601, 0.601, 0.602, 0.602, 0.603, 0.603, 0.605, 0.605, 0.607, 0.607, 0.608, 0.608, 0.61, 0.61, 0.611, 0.611, 0.612, 0.612, 0.613, 0.613, 0.615, 0.615, 0.616, 0.616, 0.617, 0.617, 0.618, 0.618, 0.619, 0.619, 0.62, 0.62, 0.621, 0.621, 0.622, 0.622, 0.623, 0.623, 0.624, 0.624, 0.625, 0.625, 0.627, 0.627, 0.628, 0.628, 0.631, 0.631, 0.632, 0.632, 0.633, 0.633, 0.634, 0.634, 0.635, 0.635, 0.636, 0.636, 0.637, 0.637, 0.639, 0.639, 0.64, 0.64, 0.641, 0.641, 0.642, 0.642, 0.643, 0.643, 0.644, 0.644, 0.646, 0.646, 0.647, 0.647, 0.648, 0.648, 0.649, 0.649, 0.65, 0.65, 0.654, 0.654, 0.655, 0.655, 0.657, 0.657, 0.658, 0.658, 0.659, 0.659, 0.66, 0.66, 0.661, 0.661, 0.663, 0.663, 0.664, 0.664, 0.665, 0.665, 0.666, 0.666, 0.667, 0.667, 0.668, 0.668, 0.669, 0.669, 0.672, 0.672, 0.674, 0.674, 0.675, 0.675, 0.676, 0.676, 0.677, 0.677, 0.679, 0.679, 0.68, 0.68, 0.681, 0.681, 0.683, 0.683, 0.684, 0.684, 0.685, 0.685, 0.686, 0.686, 0.687, 0.687, 0.688, 0.688, 0.689, 0.689, 0.69, 0.69, 0.691, 0.691, 0.692, 0.692, 0.693, 0.693, 0.694, 0.694, 0.695, 0.695, 0.696, 0.696, 0.697, 0.697, 0.698, 0.698, 0.699, 0.699, 0.7, 0.7, 0.701, 0.701, 0.702, 0.702, 0.703, 0.703, 0.704, 0.704, 0.705, 0.705, 0.706, 0.706, 0.707, 0.707, 0.708, 0.708, 0.709, 0.709, 0.711, 0.711, 0.712, 0.712, 0.713, 0.713, 0.714, 0.714, 0.716, 0.716, 0.717, 0.717, 0.718, 0.718, 0.719, 0.719, 0.72, 0.72, 0.721, 0.721, 0.722, 0.722, 0.723, 0.723, 0.725, 0.725, 0.726, 0.726, 0.727, 0.727, 0.729, 0.729, 0.73, 0.73, 0.731, 0.731, 0.732, 0.732, 0.734, 0.734, 0.735, 0.735, 0.737, 0.737, 0.738, 0.738, 0.739, 0.739, 0.742, 0.742, 0.743, 0.743, 0.744, 0.744, 0.745, 0.745, 0.746, 0.746, 0.748, 0.748, 0.75, 0.75, 0.751, 0.751, 0.754, 0.754, 0.755, 0.755, 0.757, 0.757, 0.758, 0.758, 0.759, 0.759, 0.76, 0.76, 0.761, 0.761, 0.763, 0.763, 0.764, 0.764, 0.765, 0.765, 0.766, 0.766, 0.767, 0.767, 0.768, 0.768, 0.769, 0.769, 0.77, 0.77, 0.771, 0.771, 0.772, 0.772, 0.773, 0.773, 0.774, 0.774, 0.775, 0.775, 0.776, 0.776, 0.777, 0.777, 0.778, 0.778, 0.779, 0.779, 0.78, 0.78, 0.781, 0.781, 0.782, 0.782, 0.784, 0.784, 0.785, 0.785, 0.786, 0.786, 0.787, 0.787, 0.788, 0.788, 0.789, 0.789, 0.79, 0.79, 0.791, 0.791, 0.792, 0.792, 0.794, 0.794, 0.795, 0.795, 0.796, 0.796, 0.797, 0.797, 0.798, 0.798, 0.799, 0.799, 0.8, 0.8, 0.801, 0.801, 0.802, 0.802, 0.803, 0.803, 0.804, 0.804, 0.805, 0.805, 0.806, 0.806, 0.808, 0.808, 0.809, 0.809, 0.81, 0.81, 0.811, 0.811, 0.812, 0.812, 0.813, 0.813, 0.814, 0.814, 0.815, 0.815, 0.817, 0.817, 0.819, 0.819, 0.82, 0.82, 0.821, 0.821, 0.822, 0.822, 0.823, 0.823, 0.824, 0.824, 0.825, 0.825, 0.828, 0.828, 0.829, 0.829, 0.83, 0.83, 0.831, 0.831, 0.832, 0.832, 0.833, 0.833, 0.834, 0.834, 0.835, 0.835, 0.836, 0.836, 0.837, 0.837, 0.838, 0.838, 0.839, 0.839, 0.84, 0.84, 0.841, 0.841, 0.842, 0.842, 0.843, 0.843, 0.844, 0.844, 0.845, 0.845, 0.847, 0.847, 0.848, 0.848, 0.849, 0.849, 0.85, 0.85, 0.851, 0.851, 0.852, 0.852, 0.853, 0.853, 0.854, 0.854, 0.856, 0.856, 0.857, 0.857, 0.858, 0.858, 0.86, 0.86, 0.861, 0.861, 0.863, 0.863, 0.864, 0.864, 0.867, 0.867, 0.868, 0.868, 0.869, 0.869, 0.87, 0.87, 0.873, 0.873, 0.874, 0.874, 0.875, 0.875, 0.876, 0.876, 0.877, 0.877, 0.878, 0.878, 0.879, 0.879, 0.88, 0.88, 0.881, 0.881, 0.882, 0.882, 0.883, 0.883, 0.885, 0.885, 0.886, 0.886, 0.887, 0.887, 0.888, 0.888, 0.889, 0.889, 0.89, 0.89, 0.891, 0.891, 0.892, 0.892, 0.893, 0.893, 0.894, 0.894, 0.896, 0.896, 0.897, 0.897, 0.898, 0.898, 0.899, 0.899, 0.9, 0.9, 0.901, 0.901, 0.902, 0.902, 0.903, 0.903, 0.904, 0.904, 0.905, 0.905, 0.907, 0.907, 0.908, 0.908, 0.909, 0.909, 0.91, 0.91, 0.912, 0.912, 0.916, 0.916, 0.917, 0.917, 0.918, 0.918, 0.919, 0.919, 0.92, 0.92, 0.922, 0.922, 0.923, 0.923, 0.925, 0.925, 0.926, 0.926, 0.927, 0.927, 0.928, 0.928, 0.929, 0.929, 0.93, 0.93, 0.931, 0.931, 0.932, 0.932, 0.933, 0.933, 0.934, 0.934, 0.936, 0.936, 0.937, 0.937, 0.938, 0.938, 0.939, 0.939, 0.94, 0.94, 0.941, 0.941, 0.942, 0.942, 0.943, 0.943, 0.945, 0.945, 0.946, 0.946, 0.947, 0.947, 0.948, 0.948, 0.949, 0.949, 0.95, 0.95, 0.951, 0.951, 0.952, 0.952, 0.953, 0.953, 0.954, 0.954, 0.956, 0.956, 0.957, 0.957, 0.958, 0.958, 0.959, 0.959, 0.96, 0.96, 0.961, 0.961, 0.962, 0.962, 0.963, 0.963, 0.964, 0.964, 0.965, 0.965, 0.967, 0.967, 0.969, 0.969, 0.97, 0.97, 0.971, 0.971, 0.972, 0.972, 0.973, 0.973, 0.974, 0.974, 0.975, 0.975, 0.976, 0.976, 0.977, 0.977, 0.978, 0.978, 0.979, 0.979, 0.981, 0.981, 0.982, 0.982, 0.983, 0.983, 0.984, 0.984, 0.987, 0.987, 0.989, 0.989, 0.99, 0.99, 0.991, 0.991, 0.992, 0.992, 0.993, 0.993, 0.994, 0.994, 0.995, 0.995, 0.997, 0.997, 0.998, 0.998, 0.999, 0.999, 1.0, 1.0
True Positive Rates 0.0, 0.00023860653781913624, 0.0007158196134574087, 0.0007158196134574087, 0.0023860653781913625, 0.0023860653781913625, 0.0033404915294679076, 0.0033404915294679076, 0.005010737294201861, 0.005010737294201861, 0.005965163445478406, 0.005965163445478406, 0.006203769983297542, 0.006203769983297542, 0.00763540921021236, 0.00763540921021236, 0.009782868050584585, 0.009782868050584585, 0.012407539966595084, 0.012407539966595084, 0.014316392269148175, 0.014316392269148175, 0.017418277260796946, 0.017418277260796946, 0.01956573610116917, 0.01956573610116917, 0.023860653781913623, 0.023860653781913623, 0.025769506084466716, 0.025769506084466716, 0.027439751849200666, 0.027439751849200666, 0.02934860415175376, 0.02934860415175376, 0.029587210689572895, 0.029587210689572895, 0.03054163684084944, 0.03054163684084944, 0.030780243378668574, 0.030780243378668574, 0.031018849916487713, 0.031018849916487713, 0.03316630875685994, 0.03316630875685994, 0.03340491529467907, 0.03340491529467907, 0.03579098067287044, 0.03579098067287044, 0.03650680028632784, 0.03650680028632784, 0.03674540682414698, 0.03674540682414698, 0.03960868527797662, 0.03960868527797662, 0.04223335719398712, 0.04223335719398712, 0.0434263898830828, 0.0434263898830828, 0.043664996420901936, 0.043664996420901936, 0.04390360295872107, 0.04390360295872107, 0.04438081603435934, 0.04438081603435934, 0.04461942257217848, 0.04461942257217848, 0.044858029109997616, 0.044858029109997616, 0.04509663564781675, 0.04509663564781675, 0.045335242185635886, 0.045335242185635886, 0.049152946790742065, 0.049152946790742065, 0.049391553328561204, 0.049391553328561204, 0.050345979479837745, 0.050345979479837745, 0.050584586017656884, 0.050584586017656884, 0.051061799093295154, 0.051061799093295154, 0.05130040563111429, 0.05130040563111429, 0.05273204485802911, 0.05273204485802911, 0.052970651395848244, 0.052970651395848244, 0.05344786447148652, 0.05344786447148652, 0.05368647100930565, 0.05368647100930565, 0.05392507754712479, 0.05392507754712479, 0.05440229062276306, 0.05440229062276306, 0.0546408971605822, 0.0546408971605822, 0.05511811023622047, 0.05511811023622047, 0.05702696253877356, 0.05702696253877356, 0.05750417561441183, 0.05750417561441183, 0.06179909329515629, 0.06179909329515629, 0.06394655213552851, 0.06394655213552851, 0.06728704366499642, 0.06728704366499642, 0.06776425674063469, 0.06776425674063469, 0.06871868289191124, 0.06871868289191124, 0.07277499403483656, 0.07277499403483656, 0.07301360057265568, 0.07301360057265568, 0.07659269863994274, 0.07659269863994274, 0.07730851825340014, 0.07730851825340014, 0.07874015748031496, 0.07874015748031496, 0.0789787640181341, 0.0789787640181341, 0.07921737055595324, 0.07921737055595324, 0.07945597709377238, 0.07945597709377238, 0.07993319016941064, 0.07993319016941064, 0.08041040324504892, 0.08041040324504892, 0.08184204247196374, 0.08184204247196374, 0.08208064900978287, 0.08208064900978287, 0.08398950131233596, 0.08398950131233596, 0.0842281078501551, 0.0842281078501551, 0.08637556669052732, 0.08637556669052732, 0.09043187783345263, 0.09043187783345263, 0.09138630398472918, 0.09138630398472918, 0.09210212359818659, 0.09210212359818659, 0.092817943211644, 0.092817943211644, 0.09401097590073967, 0.09401097590073967, 0.09472679551419709, 0.09472679551419709, 0.09639704127893105, 0.09639704127893105, 0.09878310665712241, 0.09878310665712241, 0.09949892627057981, 0.09949892627057981, 0.10021474588403723, 0.10021474588403723, 0.10116917203531377, 0.10116917203531377, 0.10164638511095204, 0.10164638511095204, 0.10212359818659031, 0.10212359818659031, 0.10260081126222859, 0.10260081126222859, 0.1040324504891434, 0.1040324504891434, 0.10570269625387736, 0.10570269625387736, 0.10617990932951563, 0.10617990932951563, 0.10641851586733476, 0.10641851586733476, 0.1066571224051539, 0.1066571224051539, 0.10689572894297304, 0.10689572894297304, 0.10808876163206872, 0.10808876163206872, 0.10880458124552612, 0.10880458124552612, 0.1092817943211644, 0.1092817943211644, 0.10952040085898354, 0.10952040085898354, 0.11047482701026008, 0.11047482701026008, 0.1126222858506323, 0.1126222858506323, 0.1145311381531854, 0.1145311381531854, 0.11620138391791936, 0.11620138391791936, 0.1178716296826533, 0.1178716296826533, 0.11834884275829158, 0.11834884275829158, 0.11906466237174898, 0.11906466237174898, 0.12073490813648294, 0.12073490813648294, 0.12121212121212122, 0.12121212121212122, 0.12216654736339776, 0.12216654736339776, 0.1231209735146743, 0.1231209735146743, 0.12479121927940826, 0.12479121927940826, 0.12526843235504653, 0.12526843235504653, 0.1264614650441422, 0.1264614650441422, 0.12932474349797185, 0.12932474349797185, 0.1317108088761632, 0.1317108088761632, 0.1321880219518015, 0.1321880219518015, 0.13385826771653545, 0.13385826771653545, 0.13528990694345025, 0.13528990694345025, 0.13600572655690765, 0.13600572655690765, 0.13719875924600333, 0.13719875924600333, 0.14006203769983297, 0.14006203769983297, 0.14340252922930088, 0.14340252922930088, 0.14626580768313052, 0.14626580768313052, 0.14650441422094965, 0.14650441422094965, 0.1474588403722262, 0.1474588403722262, 0.1481746599856836, 0.1481746599856836, 0.14912908613696016, 0.14912908613696016, 0.15127654497733237, 0.15127654497733237, 0.154139823431162, 0.154139823431162, 0.15461703650680028, 0.15461703650680028, 0.15509424958243856, 0.15509424958243856, 0.15533285612025768, 0.15533285612025768, 0.15581006919589596, 0.15581006919589596, 0.15604867573371511, 0.15604867573371511, 0.15652588880935336, 0.15652588880935336, 0.1579575280362682, 0.1579575280362682, 0.15986638033882128, 0.15986638033882128, 0.16082080649009783, 0.16082080649009783, 0.16439990455738487, 0.16439990455738487, 0.16535433070866143, 0.16535433070866143, 0.16583154378429968, 0.16583154378429968, 0.16702457647339536, 0.16702457647339536, 0.1672631830112145, 0.1672631830112145, 0.17036506800286327, 0.17036506800286327, 0.17131949415413983, 0.17131949415413983, 0.1725125268432355, 0.1725125268432355, 0.17346695299451204, 0.17346695299451204, 0.17609162491052255, 0.17609162491052255, 0.1784776902887139, 0.1784776902887139, 0.1796707229778096, 0.1796707229778096, 0.18014793605344787, 0.18014793605344787, 0.18110236220472442, 0.18110236220472442, 0.1822953948938201, 0.1822953948938201, 0.1830112145072775, 0.1830112145072775, 0.18324982104509663, 0.18324982104509663, 0.1837270341207349, 0.1837270341207349, 0.185635886423288, 0.185635886423288, 0.18611309949892627, 0.18611309949892627, 0.18730613218802195, 0.18730613218802195, 0.1875447387258411, 0.1875447387258411, 0.1882605583392985, 0.1882605583392985, 0.18849916487711763, 0.18849916487711763, 0.19016941064185158, 0.19016941064185158, 0.19160104986876642, 0.19160104986876642, 0.19374850870913862, 0.19374850870913862, 0.1942257217847769, 0.1942257217847769, 0.19446432832259605, 0.19446432832259605, 0.19637318062514914, 0.19637318062514914, 0.1968503937007874, 0.1968503937007874, 0.19732760677642566, 0.19732760677642566, 0.1980434263898831, 0.1980434263898831, 0.19923645907897877, 0.19923645907897877, 0.2001908852302553, 0.2001908852302553, 0.20042949176807445, 0.20042949176807445, 0.20090670484371273, 0.20090670484371273, 0.20353137675972321, 0.20353137675972321, 0.20448580291099977, 0.20448580291099977, 0.20567883560009545, 0.20567883560009545, 0.20591744213791457, 0.20591744213791457, 0.20615604867573373, 0.20615604867573373, 0.20711047482701025, 0.20711047482701025, 0.20973514674302077, 0.20973514674302077, 0.2099737532808399, 0.2099737532808399, 0.21092817943211645, 0.21092817943211645, 0.21212121212121213, 0.21212121212121213, 0.2133142448103078, 0.2133142448103078, 0.21355285134812693, 0.21355285134812693, 0.2140300644237652, 0.2140300644237652, 0.21426867096158433, 0.21426867096158433, 0.2145072774994035, 0.2145072774994035, 0.2159389167263183, 0.2159389167263183, 0.21641612980195657, 0.21641612980195657, 0.21737055595323312, 0.21737055595323312, 0.22261989978525412, 0.22261989978525412, 0.22548317823908376, 0.22548317823908376, 0.22596039131472204, 0.22596039131472204, 0.22619899785254116, 0.22619899785254116, 0.22667621092817944, 0.22667621092817944, 0.22763063707945597, 0.22763063707945597, 0.23240276783583871, 0.23240276783583871, 0.23335719398711524, 0.23335719398711524, 0.23455022667621092, 0.23455022667621092, 0.23645907897876403, 0.23645907897876403, 0.23669768551658316, 0.23669768551658316, 0.23693629205440228, 0.23693629205440228, 0.2395609639704128, 0.2395609639704128, 0.2455261274158912, 0.2455261274158912, 0.24576473395371032, 0.24576473395371032, 0.24600334049152947, 0.24600334049152947, 0.24767358625626343, 0.24767358625626343, 0.24791219279408255, 0.24791219279408255, 0.24934383202099739, 0.24934383202099739, 0.2495824385588165, 0.2495824385588165, 0.24982104509663564, 0.24982104509663564, 0.2529229300882844, 0.2529229300882844, 0.2541159627773801, 0.2541159627773801, 0.2545931758530184, 0.2545931758530184, 0.2553089954664758, 0.2553089954664758, 0.25554760200429494, 0.25554760200429494, 0.2586494869959437, 0.2586494869959437, 0.2588880935337628, 0.2588880935337628, 0.25912670007158195, 0.25912670007158195, 0.2600811262228585, 0.2600811262228585, 0.26103555237413506, 0.26103555237413506, 0.26246719160104987, 0.26246719160104987, 0.2641374373657838, 0.2641374373657838, 0.264376043903603, 0.264376043903603, 0.2648532569792412, 0.2648532569792412, 0.2658076831305178, 0.2658076831305178, 0.2672393223574326, 0.2672393223574326, 0.2684323550465283, 0.2684323550465283, 0.27153424003817705, 0.27153424003817705, 0.2720114531138153, 0.2720114531138153, 0.2739203054163684, 0.2739203054163684, 0.2746361250298258, 0.2746361250298258, 0.27511333810546407, 0.27511333810546407, 0.2770221904080172, 0.2770221904080172, 0.278453829634932, 0.278453829634932, 0.2796468623240277, 0.2796468623240277, 0.28012407539966594, 0.28012407539966594, 0.2817943211643999, 0.2817943211643999, 0.2825101407778573, 0.2825101407778573, 0.2851348126938678, 0.2851348126938678, 0.28537341923168696, 0.28537341923168696, 0.2858506323073252, 0.2858506323073252, 0.28608923884514437, 0.28608923884514437, 0.28752087807205917, 0.28752087807205917, 0.2896683369124314, 0.2896683369124314, 0.29253161536626104, 0.29253161536626104, 0.29396325459317585, 0.29396325459317585, 0.29515628728227156, 0.29515628728227156, 0.29587210689572896, 0.29587210689572896, 0.297780959198282, 0.297780959198282, 0.29945120496301597, 0.29945120496301597, 0.3006442376521117, 0.3006442376521117, 0.30112145072774993, 0.30112145072774993, 0.3013600572655691, 0.3013600572655691, 0.3035075161059413, 0.3035075161059413, 0.3039847291815796, 0.3039847291815796, 0.30565497494631355, 0.30565497494631355, 0.3080410403245049, 0.3080410403245049, 0.3087568599379623, 0.3087568599379623, 0.30923407301360056, 0.30923407301360056, 0.31281317108088763, 0.31281317108088763, 0.31305177761870673, 0.31305177761870673, 0.31352899069434503, 0.31352899069434503, 0.31639226914817464, 0.31639226914817464, 0.3173466952994512, 0.3173466952994512, 0.31758530183727035, 0.31758530183727035, 0.31901694106418516, 0.31901694106418516, 0.31973276067764256, 0.31973276067764256, 0.3199713672154617, 0.3199713672154617, 0.3206871868289191, 0.3206871868289191, 0.32116439990455736, 0.32116439990455736, 0.3214030064423765, 0.3214030064423765, 0.3218802195180148, 0.3218802195180148, 0.32235743259365307, 0.32235743259365307, 0.3228346456692913, 0.3228346456692913, 0.3237890718205679, 0.3237890718205679, 0.32402767835838703, 0.32402767835838703, 0.3245048914340253, 0.3245048914340253, 0.32474349797184443, 0.32474349797184443, 0.3252207110474827, 0.3252207110474827, 0.32545931758530183, 0.32545931758530183, 0.32665235027439754, 0.32665235027439754, 0.3285612025769506, 0.3285612025769506, 0.3297542352660463, 0.3297542352660463, 0.33094726795514195, 0.33094726795514195, 0.3323789071820568, 0.3323789071820568, 0.336196611787163, 0.336196611787163, 0.33715103793843954, 0.33715103793843954, 0.33810546408971603, 0.33810546408971603, 0.3404915294679074, 0.3404915294679074, 0.3416845621570031, 0.3416845621570031, 0.34263898830827966, 0.34263898830827966, 0.3438320209973753, 0.3438320209973753, 0.34597947983774757, 0.34597947983774757, 0.3509902171319494, 0.3509902171319494, 0.35266046289668335, 0.35266046289668335, 0.3528990694345025, 0.3528990694345025, 0.3536148890479599, 0.3536148890479599, 0.35528513481269386, 0.35528513481269386, 0.35719398711524697, 0.35719398711524697, 0.35790980672870437, 0.35790980672870437, 0.3586256263421618, 0.3586256263421618, 0.3591028394178, 0.3591028394178, 0.3598186590312575, 0.3598186590312575, 0.3614889047959914, 0.3614889047959914, 0.3619661178716297, 0.3619661178716297, 0.36220472440944884, 0.36220472440944884, 0.3655452159389167, 0.3655452159389167, 0.366022429014555, 0.366022429014555, 0.36769267477928896, 0.36769267477928896, 0.36840849439274637, 0.36840849439274637, 0.36984013361966117, 0.36984013361966117, 0.3738964447625865, 0.3738964447625865, 0.3750894774516822, 0.3750894774516822, 0.376521116678597, 0.376521116678597, 0.37747554282987356, 0.37747554282987356, 0.3791457885946075, 0.3791457885946075, 0.38033882128370317, 0.38033882128370317, 0.38081603435934147, 0.38081603435934147, 0.3827248866618945, 0.3827248866618945, 0.3855881651157242, 0.3855881651157242, 0.3865425912670007, 0.3865425912670007, 0.39131472202338347, 0.39131472202338347, 0.3934621808637557, 0.3934621808637557, 0.3953710331663088, 0.3953710331663088, 0.3956096397041279, 0.3956096397041279, 0.3970412789310427, 0.3970412789310427, 0.4003817704605106, 0.4003817704605106, 0.40252922930088286, 0.40252922930088286, 0.40276783583870196, 0.40276783583870196, 0.4030064423765211, 0.4030064423765211, 0.4061083273681699, 0.4061083273681699, 0.4068241469816273, 0.4068241469816273, 0.4073013600572656, 0.4073013600572656, 0.40897160582199954, 0.40897160582199954, 0.40921021235981864, 0.40921021235981864, 0.4099260319732761, 0.4099260319732761, 0.4113576712001909, 0.4113576712001909, 0.4120734908136483, 0.4120734908136483, 0.41231209735146745, 0.41231209735146745, 0.4149367692674779, 0.4149367692674779, 0.4154139823431162, 0.4154139823431162, 0.41970890002386063, 0.41970890002386063, 0.42018611309949894, 0.42018611309949894, 0.4213791457885946, 0.4213791457885946, 0.42233357193987114, 0.42233357193987114, 0.42495824385588166, 0.42495824385588166, 0.42567406346933906, 0.42567406346933906, 0.4259126700071582, 0.4259126700071582, 0.42710570269625386, 0.42710570269625386, 0.429014554998807, 0.429014554998807, 0.4292531615366261, 0.4292531615366261, 0.4302075876879026, 0.4302075876879026, 0.4309234073013601, 0.4309234073013601, 0.4311620138391792, 0.4311620138391792, 0.43354807921737054, 0.43354807921737054, 0.4356955380577428, 0.4356955380577428, 0.4371271772846576, 0.4371271772846576, 0.4404676688141255, 0.4404676688141255, 0.4409448818897638, 0.4409448818897638, 0.44476258649486994, 0.44476258649486994, 0.4469100453352422, 0.4469100453352422, 0.44738725841088045, 0.44738725841088045, 0.44953471725125266, 0.44953471725125266, 0.4497733237890718, 0.4497733237890718, 0.4526366022429015, 0.4526366022429015, 0.4528752087807206, 0.4528752087807206, 0.45430684800763543, 0.45430684800763543, 0.4554998806967311, 0.4554998806967311, 0.4566929133858268, 0.4566929133858268, 0.458840372226199, 0.458840372226199, 0.45931758530183725, 0.45931758530183725, 0.4602720114531138, 0.4602720114531138, 0.4609878310665712, 0.4609878310665712, 0.4621808637556669, 0.4621808637556669, 0.46241947029348607, 0.46241947029348607, 0.46313528990694347, 0.46313528990694347, 0.4638511095204009, 0.4638511095204009, 0.46408971605821997, 0.46408971605821997, 0.4650441422094965, 0.4650441422094965, 0.4652827487473157, 0.4652827487473157, 0.46695299451204964, 0.46695299451204964, 0.4674302075876879, 0.4674302075876879, 0.4679074206633262, 0.4679074206633262, 0.4681460272011453, 0.4681460272011453, 0.46910045335242184, 0.46910045335242184, 0.46957766642806015, 0.46957766642806015, 0.46981627296587924, 0.46981627296587924, 0.4700548795036984, 0.4700548795036984, 0.4712479121927941, 0.4712479121927941, 0.47244094488188976, 0.47244094488188976, 0.4733953710331663, 0.4733953710331663, 0.4755428298735385, 0.4755428298735385, 0.4772130756382725, 0.4772130756382725, 0.4776902887139108, 0.4776902887139108, 0.4779288952517299, 0.4779288952517299, 0.479837747554283, 0.479837747554283, 0.4805535671677404, 0.4805535671677404, 0.48150799331901695, 0.48150799331901695, 0.48293963254593175, 0.48293963254593175, 0.48413266523502746, 0.48413266523502746, 0.4846098783106657, 0.4846098783106657, 0.49200668098305894, 0.49200668098305894, 0.4936769267477929, 0.4936769267477929, 0.49463135289906945, 0.49463135289906945, 0.49606299212598426, 0.49606299212598426, 0.5003579098067287, 0.5003579098067287, 0.5010737294201861, 0.5010737294201861, 0.5013123359580053, 0.5013123359580053, 0.5025053686471009, 0.5025053686471009, 0.5048914340252922, 0.5048914340252922, 0.5063230732522072, 0.5063230732522072, 0.5070388928656645, 0.5070388928656645, 0.5087091386303985, 0.5087091386303985, 0.5108565974707707, 0.5108565974707707, 0.5118110236220472, 0.5118110236220472, 0.5170603674540682, 0.5170603674540682, 0.5180147936053447, 0.5180147936053447, 0.5196850393700787, 0.5196850393700787, 0.520162252445717, 0.520162252445717, 0.5211166785969935, 0.5211166785969935, 0.5215938916726318, 0.5215938916726318, 0.521832498210451, 0.521832498210451, 0.5227869243617275, 0.5227869243617275, 0.5230255308995466, 0.5230255308995466, 0.5263660224290145, 0.5263660224290145, 0.5273204485802911, 0.5273204485802911, 0.528752087807206, 0.528752087807206, 0.5311381531853973, 0.5311381531853973, 0.5323311858744929, 0.5323311858744929, 0.5328083989501312, 0.5328083989501312, 0.53591028394178, 0.53591028394178, 0.5375805297065139, 0.5375805297065139, 0.5382963493199714, 0.5382963493199714, 0.5421140539250775, 0.5421140539250775, 0.5433070866141733, 0.5433070866141733, 0.5440229062276306, 0.5440229062276306, 0.5445001193032689, 0.5445001193032689, 0.5483178239083751, 0.5483178239083751, 0.5485564304461942, 0.5485564304461942, 0.5495108565974708, 0.5495108565974708, 0.5514197089000239, 0.5514197089000239, 0.5521355285134812, 0.5521355285134812, 0.5542829873538535, 0.5542829873538535, 0.5578620854211406, 0.5578620854211406, 0.5581006919589597, 0.5581006919589597, 0.5588165115724171, 0.5588165115724171, 0.5597709377236937, 0.5597709377236937, 0.563827248866619, 0.563827248866619, 0.5659747077069912, 0.5659747077069912, 0.567406346933906, 0.567406346933906, 0.56907659269864, 0.56907659269864, 0.5717012646146504, 0.5717012646146504, 0.572655690765927, 0.572655690765927, 0.5733715103793844, 0.5733715103793844, 0.57456454306848, 0.57456454306848, 0.5748031496062992, 0.5748031496062992, 0.5755189692197566, 0.5755189692197566, 0.5774278215223098, 0.5774278215223098, 0.5781436411357671, 0.5781436411357671, 0.5783822476735863, 0.5783822476735863, 0.5786208542114054, 0.5786208542114054, 0.5800524934383202, 0.5800524934383202, 0.5802910999761394, 0.5802910999761394, 0.5807683130517777, 0.5807683130517777, 0.5812455261274159, 0.5812455261274159, 0.5829157718921498, 0.5829157718921498, 0.5841088045812455, 0.5841088045812455, 0.5843474111190646, 0.5843474111190646, 0.5862562634216177, 0.5862562634216177, 0.5864948699594369, 0.5864948699594369, 0.5869720830350752, 0.5869720830350752, 0.5886423287998092, 0.5886423287998092, 0.5898353614889048, 0.5898353614889048, 0.590073968026724, 0.590073968026724, 0.5912670007158196, 0.5912670007158196, 0.5934144595561919, 0.5934144595561919, 0.5938916726318301, 0.5938916726318301, 0.5965163445478406, 0.5965163445478406, 0.5969935576234788, 0.5969935576234788, 0.5979479837747554, 0.5979479837747554, 0.5986638033882128, 0.5986638033882128, 0.5991410164638511, 0.5991410164638511, 0.5998568360773086, 0.5998568360773086, 0.6000954426151277, 0.6000954426151277, 0.6005726556907659, 0.6005726556907659, 0.6010498687664042, 0.6010498687664042, 0.6034359341445955, 0.6034359341445955, 0.6043903602958721, 0.6043903602958721, 0.6046289668336913, 0.6046289668336913, 0.6053447864471486, 0.6053447864471486, 0.60773085182534, 0.60773085182534, 0.6096397041278931, 0.6096397041278931, 0.6098783106657122, 0.6098783106657122, 0.6108327368169888, 0.6108327368169888, 0.614650441422095, 0.614650441422095, 0.6153662610355524, 0.6153662610355524, 0.6160820806490098, 0.6160820806490098, 0.6172751133381055, 0.6172751133381055, 0.618229539489382, 0.618229539489382, 0.6187067525650203, 0.6187067525650203, 0.6198997852541159, 0.6198997852541159, 0.6210928179432117, 0.6210928179432117, 0.6220472440944882, 0.6220472440944882, 0.6241947029348605, 0.6241947029348605, 0.6256263421617753, 0.6256263421617753, 0.6263421617752326, 0.6263421617752326, 0.6268193748508709, 0.6268193748508709, 0.6270579813886901, 0.6270579813886901, 0.6275351944643284, 0.6275351944643284, 0.6282510140777857, 0.6282510140777857, 0.628728227153424, 0.628728227153424, 0.6299212598425197, 0.6299212598425197, 0.6323073252207111, 0.6323073252207111, 0.6363636363636364, 0.6363636363636364, 0.639226914817466, 0.639226914817466, 0.6468623240276784, 0.6468623240276784, 0.6478167501789549, 0.6478167501789549, 0.6480553567167741, 0.6480553567167741, 0.6482939632545932, 0.6482939632545932, 0.6490097828680506, 0.6490097828680506, 0.6502028155571463, 0.6502028155571463, 0.6504414220949654, 0.6504414220949654, 0.6511572417084228, 0.6511572417084228, 0.6516344547840611, 0.6516344547840611, 0.6521116678596993, 0.6521116678596993, 0.6523502743975185, 0.6523502743975185, 0.6525888809353376, 0.6525888809353376, 0.6528274874731568, 0.6528274874731568, 0.6533047005487951, 0.6533047005487951, 0.6556907659269864, 0.6556907659269864, 0.6564065855404438, 0.6564065855404438, 0.656645192078263, 0.656645192078263, 0.656883798616082, 0.656883798616082, 0.6580768313051778, 0.6580768313051778, 0.658554044380816, 0.658554044380816, 0.6635647816750179, 0.6635647816750179, 0.6645192078262945, 0.6645192078262945, 0.6657122405153901, 0.6657122405153901, 0.6661894535910284, 0.6661894535910284, 0.6671438797423049, 0.6671438797423049, 0.6683369124314006, 0.6683369124314006, 0.6688141255070389, 0.6688141255070389, 0.6709615843474112, 0.6709615843474112, 0.6712001908852303, 0.6712001908852303, 0.6719160104986877, 0.6719160104986877, 0.6721546170365068, 0.6721546170365068, 0.6731090431877833, 0.6731090431877833, 0.6743020758768791, 0.6743020758768791, 0.6762109281794321, 0.6762109281794321, 0.6774039608685278, 0.6774039608685278, 0.6802672393223574, 0.6802672393223574, 0.6805058458601766, 0.6805058458601766, 0.6809830589358148, 0.6809830589358148, 0.684800763540921, 0.684800763540921, 0.6850393700787402, 0.6850393700787402, 0.686471009305655, 0.686471009305655, 0.6869482223812933, 0.6869482223812933, 0.6874254354569315, 0.6874254354569315, 0.6881412550703889, 0.6881412550703889, 0.6886184681460272, 0.6886184681460272, 0.6910045335242185, 0.6910045335242185, 0.6914817465998568, 0.6914817465998568, 0.6924361727511333, 0.6924361727511333, 0.6929133858267716, 0.6929133858267716, 0.6931519923645908, 0.6931519923645908, 0.6950608446671439, 0.6950608446671439, 0.6972083035075161, 0.6972083035075161, 0.6979241231209735, 0.6979241231209735, 0.6984013361966118, 0.6984013361966118, 0.6991171558100692, 0.6991171558100692, 0.700548795036984, 0.700548795036984, 0.7010260081126223, 0.7010260081126223, 0.7022190408017179, 0.7022190408017179, 0.7062753519446433, 0.7062753519446433, 0.7067525650202816, 0.7067525650202816, 0.7089000238606538, 0.7089000238606538, 0.7093772369362921, 0.7093772369362921, 0.7103316630875686, 0.7103316630875686, 0.7115246957766643, 0.7115246957766643, 0.7117633023144834, 0.7117633023144834, 0.7129563350035791, 0.7129563350035791, 0.7167740396086852, 0.7167740396086852, 0.719637318062515, 0.719637318062515, 0.721546170365068, 0.721546170365068, 0.7246480553567167, 0.7246480553567167, 0.7272727272727273, 0.7272727272727273, 0.7277499403483656, 0.7277499403483656, 0.728465759961823, 0.728465759961823, 0.7327606776425674, 0.7327606776425674, 0.7358625626342162, 0.7358625626342162, 0.7363397757098544, 0.7363397757098544, 0.7365783822476736, 0.7365783822476736, 0.737294201861131, 0.737294201861131, 0.7384872345502267, 0.7384872345502267, 0.738964447625865, 0.738964447625865, 0.7396802672393223, 0.7396802672393223, 0.7434979718444286, 0.7434979718444286, 0.7437365783822477, 0.7437365783822477, 0.7444523979957051, 0.7444523979957051, 0.7482701026008113, 0.7482701026008113, 0.7494631352899069, 0.7494631352899069, 0.7501789549033644, 0.7501789549033644, 0.7525650202815557, 0.7525650202815557, 0.7528036268193748, 0.7528036268193748, 0.7551896921975663, 0.7551896921975663, 0.7554282987353853, 0.7554282987353853, 0.7556669052732045, 0.7556669052732045, 0.7570985445001193, 0.7570985445001193, 0.7573371510379384, 0.7573371510379384, 0.7594846098783107, 0.7594846098783107, 0.760200429491768, 0.760200429491768, 0.7604390360295872, 0.7604390360295872, 0.7613934621808638, 0.7613934621808638, 0.7616320687186829, 0.7616320687186829, 0.761870675256502, 0.761870675256502, 0.7621092817943211, 0.7621092817943211, 0.7635409210212359, 0.7635409210212359, 0.7640181340968742, 0.7640181340968742, 0.7652111667859699, 0.7652111667859699, 0.7666428060128847, 0.7666428060128847, 0.7673586256263422, 0.7673586256263422, 0.7685516583154378, 0.7685516583154378, 0.7706991171558101, 0.7706991171558101, 0.7738010021474588, 0.7738010021474588, 0.7745168217609163, 0.7745168217609163, 0.7785731329038416, 0.7785731329038416, 0.7804819852063947, 0.7804819852063947, 0.7842996898115009, 0.7842996898115009, 0.7852541159627774, 0.7852541159627774, 0.7874015748031497, 0.7874015748031497, 0.7885946074922453, 0.7885946074922453, 0.7890718205678836, 0.7890718205678836, 0.7905034597947984, 0.7905034597947984, 0.7907420663326176, 0.7907420663326176, 0.7919350990217132, 0.7919350990217132, 0.7945597709377237, 0.7945597709377237, 0.7952755905511811, 0.7952755905511811, 0.7964686232402768, 0.7964686232402768, 0.7967072297780959, 0.7967072297780959, 0.7979002624671916, 0.7979002624671916, 0.7981388690050107, 0.7981388690050107, 0.801956573610117, 0.801956573610117, 0.802195180147936, 0.802195180147936, 0.8026723932235743, 0.8026723932235743, 0.8029109997613935, 0.8029109997613935, 0.8062514912908614, 0.8062514912908614, 0.8064900978286805, 0.8064900978286805, 0.807444523979957, 0.807444523979957, 0.8079217370555953, 0.8079217370555953, 0.8086375566690527, 0.8086375566690527, 0.8093533762825101, 0.8093533762825101, 0.8107850155094249, 0.8107850155094249, 0.812693867811978, 0.812693867811978, 0.8129324743497972, 0.8129324743497972, 0.8134096874254354, 0.8134096874254354, 0.814364113576712, 0.814364113576712, 0.8146027201145312, 0.8146027201145312, 0.8167501789549033, 0.8167501789549033, 0.8172273920305416, 0.8172273920305416, 0.8181818181818182, 0.8181818181818182, 0.8184204247196373, 0.8184204247196373, 0.8191362443330947, 0.8191362443330947, 0.821522309711286, 0.821522309711286, 0.8239083750894775, 0.8239083750894775, 0.8246241947029349, 0.8246241947029349, 0.8262944404676689, 0.8262944404676689, 0.8265330470054879, 0.8265330470054879, 0.828441899308041, 0.828441899308041, 0.8286805058458602, 0.8286805058458602, 0.8303507516105941, 0.8303507516105941, 0.8315437842996898, 0.8315437842996898, 0.8327368169887855, 0.8327368169887855, 0.8377475542829873, 0.8377475542829873, 0.8394178000477213, 0.8394178000477213, 0.8429968981150083, 0.8429968981150083, 0.8432355046528275, 0.8432355046528275, 0.8453829634931997, 0.8453829634931997, 0.8468146027201146, 0.8468146027201146, 0.8482462419470294, 0.8482462419470294, 0.8484848484848485, 0.8484848484848485, 0.8487234550226677, 0.8487234550226677, 0.8503937007874016, 0.8503937007874016, 0.8508709138630398, 0.8508709138630398, 0.8515867334764973, 0.8515867334764973, 0.8523025530899546, 0.8523025530899546, 0.8525411596277738, 0.8525411596277738, 0.8542114053925077, 0.8542114053925077, 0.8544500119303269, 0.8544500119303269, 0.8573132903841565, 0.8573132903841565, 0.8582677165354331, 0.8582677165354331, 0.8611309949892627, 0.8611309949892627, 0.861608208064901, 0.861608208064901, 0.863278453829635, 0.863278453829635, 0.8649486995943689, 0.8649486995943689, 0.8654259126700071, 0.8654259126700071, 0.8656645192078263, 0.8656645192078263, 0.8661417322834646, 0.8661417322834646, 0.8680505845860177, 0.8680505845860177, 0.8685277976616559, 0.8685277976616559, 0.868766404199475, 0.868766404199475, 0.8699594368885707, 0.8699594368885707, 0.8701980434263898, 0.8701980434263898, 0.8740157480314961, 0.8740157480314961, 0.8742543545693152, 0.8742543545693152, 0.8752087807205917, 0.8752087807205917, 0.8754473872584109, 0.8754473872584109, 0.8759246003340492, 0.8759246003340492, 0.8775948460987831, 0.8775948460987831, 0.8780720591744213, 0.8780720591744213, 0.8787878787878788, 0.8787878787878788, 0.8790264853256979, 0.8790264853256979, 0.8799809114769744, 0.8799809114769744, 0.8818897637795275, 0.8818897637795275, 0.8830827964686232, 0.8830827964686232, 0.8840372226198998, 0.8840372226198998, 0.8859460749224529, 0.8859460749224529, 0.8866618945359103, 0.8866618945359103, 0.8869005010737294, 0.8869005010737294, 0.8923884514435696, 0.8923884514435696, 0.8931042710570269, 0.8931042710570269, 0.8933428775948461, 0.8933428775948461, 0.8954903364352184, 0.8954903364352184, 0.8959675495108566, 0.8959675495108566, 0.8976377952755905, 0.8976377952755905, 0.8995466475781436, 0.8995466475781436, 0.8997852541159628, 0.8997852541159628, 0.9014554998806967, 0.9014554998806967, 0.903602958721069, 0.903602958721069, 0.9043187783345263, 0.9043187783345263, 0.9045573848723455, 0.9045573848723455, 0.9050345979479838, 0.9050345979479838, 0.905273204485803, 0.905273204485803, 0.9098067287043665, 0.9098067287043665, 0.9126700071581961, 0.9126700071581961, 0.9129086136960153, 0.9129086136960153, 0.9133858267716536, 0.9133858267716536, 0.9145788594607492, 0.9145788594607492, 0.9148174659985684, 0.9148174659985684, 0.9167263183011215, 0.9167263183011215, 0.919350990217132, 0.919350990217132, 0.9260319732760678, 0.9260319732760678, 0.9277022190408017, 0.9277022190408017, 0.9286566451920782, 0.9286566451920782, 0.9308041040324505, 0.9308041040324505, 0.9315199236459079, 0.9315199236459079, 0.9346218086375566, 0.9346218086375566, 0.9353376282510141, 0.9353376282510141, 0.9365306609401097, 0.9365306609401097, 0.9372464805535672, 0.9372464805535672, 0.9429730374612264, 0.9429730374612264, 0.9436888570746839, 0.9436888570746839, 0.9441660701503222, 0.9441660701503222, 0.9446432832259604, 0.9446432832259604, 0.9477451682176091, 0.9477451682176091, 0.9482223812932474, 0.9482223812932474, 0.9484609878310666, 0.9484609878310666, 0.9486995943688857, 0.9486995943688857, 0.9489382009067049, 0.9489382009067049, 0.9491768074445239, 0.9491768074445239, 0.951085659747077, 0.951085659747077, 0.9518014793605345, 0.9518014793605345, 0.9525172989739918, 0.9525172989739918, 0.952755905511811, 0.952755905511811, 0.9532331185874493, 0.9532331185874493, 0.9537103316630876, 0.9537103316630876, 0.9553805774278216, 0.9553805774278216, 0.9563350035790981, 0.9563350035790981, 0.9572894297303746, 0.9572894297303746, 0.9589596754951085, 0.9589596754951085, 0.9601527081842043, 0.9601527081842043, 0.9637318062514912, 0.9637318062514912, 0.9642090193271295, 0.9642090193271295, 0.9644476258649487, 0.9644476258649487, 0.9646862324027679, 0.9646862324027679, 0.9656406585540444, 0.9656406585540444, 0.9668336912431401, 0.9668336912431401, 0.9675495108565975, 0.9675495108565975, 0.9687425435456931, 0.9687425435456931, 0.9694583631591506, 0.9694583631591506, 0.9711286089238845, 0.9711286089238845, 0.9735146743020758, 0.9735146743020758, 0.9739918873777141, 0.9739918873777141, 0.9751849200668098, 0.9751849200668098, 0.9756621331424481, 0.9756621331424481, 0.9766165592937246, 0.9766165592937246, 0.9770937723693629, 0.9770937723693629, 0.9775709854450012, 0.9775709854450012, 0.9801956573610117, 0.9801956573610117, 0.98067287043665, 0.98067287043665, 0.9809114769744691, 0.9809114769744691, 0.9813886900501074, 0.9813886900501074, 0.9818659031257456, 0.9818659031257456, 0.9840133619661179, 0.9840133619661179, 0.9883082796468623, 0.9883082796468623, 0.9887854927225006, 0.9887854927225006, 0.9918873777141494, 0.9918873777141494, 0.9942734430923408, 0.9942734430923408, 0.9976139346218086, 0.9976139346218086, 0.9995227869243617, 0.9995227869243617, 1.0
Thresholds inf, 0.9995732222232349, 0.9993179713419587, 0.999294409092527, 0.998364535692478, 0.9980606646670929, 0.9972238967370218, 0.997059598967734, 0.9958096770540387, 0.9955362413680252, 0.9946097936357526, 0.9945485470066713, 0.9944906604247203, 0.9940535533188954, 0.9928472801868212, 0.9928313770105209, 0.9903688520169533, 0.9903051547962859, 0.989201695659112, 0.9891809896531493, 0.9871797000269463, 0.9870888221783574, 0.983501273732069, 0.982657145071457, 0.9815257457212473, 0.9814072027241698, 0.9778110265656825, 0.977784745047007, 0.9766854134633856, 0.9764784196581262, 0.9758054993725165, 0.9756836270973815, 0.9743171547589583, 0.973734119118207, 0.9736742635992245, 0.9731509352584126, 0.9721021418400055, 0.9720656233537103, 0.9720185271714077, 0.971908583743471, 0.9718793657009257, 0.9718247039448824, 0.9703610470092154, 0.9700836312298873, 0.9699072926662663, 0.969607442494294, 0.968674281811637, 0.9684345788544564, 0.9677688122074267, 0.9676986472501267, 0.967369398428595, 0.9673202806423883, 0.9644907829867014, 0.9644707406080222, 0.9628823915273523, 0.9628278486442445, 0.9617313452583254, 0.9616197044070739, 0.9615690976564962, 0.9612401475274994, 0.9611122255942011, 0.961060851172276, 0.9609016910711932, 0.9603627506318329, 0.9600484671943819, 0.9596988922293752, 0.9594020315779402, 0.9593720145940459, 0.9591238534378924, 0.9590531368684607, 0.9583009334098562, 0.9582731733715746, 0.956857274731922, 0.9563153428439422, 0.9558259679712346, 0.9552491472887323, 0.9538840216853824, 0.953733577696796, 0.9536890021678209, 0.9536070010327603, 0.9534552077490771, 0.9532369059133344, 0.953092247481399, 0.9529521549732253, 0.9518625024517531, 0.9514049718268535, 0.9513869928145141, 0.9512759580899209, 0.9510814507620325, 0.9509657941613433, 0.9508846507712576, 0.950654185791532, 0.9504671121532191, 0.9503182554747436, 0.9499125780687004, 0.9490445687843847, 0.9490000034510203, 0.9489957182042872, 0.9488118454781403, 0.9486943067269157, 0.9482439613397959, 0.9481706401449909, 0.9477023661108146, 0.9472812998833073, 0.9453228586022386, 0.9452613478640107, 0.943137515647801, 0.9429003565999395, 0.9406009882350277, 0.9403521889196755, 0.9402961783868425, 0.9400530902154398, 0.9393900202551491, 0.9393622668030542, 0.9367992319071867, 0.9365308497350516, 0.9359064329419782, 0.9356623435756214, 0.9327307447787887, 0.9323876151965591, 0.9312251054002839, 0.9311119836582392, 0.9303246946668093, 0.9301042708793884, 0.9297320037949128, 0.9297145248751079, 0.9292184317249498, 0.9285068738641458, 0.928440525249937, 0.9271309342237507, 0.9270001537527337, 0.9269012216058347, 0.9250961717779899, 0.92507488155766, 0.9244499321390631, 0.9243274120835646, 0.9240627525633229, 0.923841340111836, 0.9218377019071895, 0.921181098188504, 0.9210567176305755, 0.9209776658501835, 0.9183396222958693, 0.9177110324824092, 0.9128555118581302, 0.9125189400131473, 0.9116966219415069, 0.9116938725295994, 0.9110607199406737, 0.9107144401300379, 0.910220319818913, 0.9101581385785145, 0.9093003150772826, 0.909286767176799, 0.9089353984665512, 0.9086959193379307, 0.9063137163437014, 0.9061452397093694, 0.9042706101377072, 0.9039856736830121, 0.9032152860807084, 0.903087447207429, 0.9023521807681709, 0.9015164719092787, 0.900565101623972, 0.9001939001018272, 0.9000877398664855, 0.8997882168641489, 0.8994572890334296, 0.8993647054049226, 0.8992389090346466, 0.8991976816248698, 0.8979026380573389, 0.8977755663475858, 0.895978276509498, 0.8957740179746152, 0.8952834267300035, 0.8952685518418296, 0.8951857134818177, 0.8948157812027917, 0.8946650481400712, 0.8943915915502394, 0.8935049400594648, 0.8933355084712543, 0.892537134488132, 0.8919527730082132, 0.8917357289472913, 0.8916126373523044, 0.8906562786552047, 0.8906182303769674, 0.8905744014692811, 0.8902717450777635, 0.8898545774028843, 0.8893002269237252, 0.8880324932374105, 0.888001845886057, 0.8867212051170908, 0.8866784175447865, 0.8844143900266884, 0.884371465632574, 0.8827895523173264, 0.8824514268802012, 0.8824067837196136, 0.8822688165574676, 0.8818400006091475, 0.8816849366185597, 0.8794567295036946, 0.8791109900240037, 0.8784535150546837, 0.8782789256962528, 0.8770368014363283, 0.8769541566584137, 0.876056539296445, 0.8758317449159301, 0.8749121073931507, 0.8748809113224576, 0.8747826379707129, 0.8743688171026865, 0.8736266469468356, 0.8734070777153342, 0.8699657268760629, 0.8699653460653367, 0.8678562448904372, 0.8672199728363368, 0.8669285366708567, 0.8663550461289292, 0.8653956050491082, 0.8653540817396944, 0.8640613846218632, 0.8638598179342198, 0.8631356804921981, 0.8628748844836053, 0.8619782177381573, 0.861966069892199, 0.859411707085329, 0.8593342302799101, 0.8570876913221482, 0.8566727766631372, 0.8541213847008088, 0.8532421566374956, 0.8531151756521231, 0.8529748050777067, 0.851937135553884, 0.8516354655825539, 0.8504865240399829, 0.8503188537063703, 0.8491474884121688, 0.8489197413210156, 0.8467460830434156, 0.8465182426114446, 0.8443220118595397, 0.8442007450466293, 0.8434975863380646, 0.8431375667031697, 0.8427652382523965, 0.8420879490319841, 0.8416174854758552, 0.8415976659932473, 0.8411914649128747, 0.8400457367558495, 0.8397479969164311, 0.8395829797165683, 0.8393801685753253, 0.8390252790721809, 0.8380745763143403, 0.8373536753083117, 0.8356769723484964, 0.8354857123036369, 0.8349205905546939, 0.834589475579395, 0.8314856862412374, 0.8310084771377284, 0.8306296447305045, 0.830106437531241, 0.8300204539044419, 0.82977355750203, 0.8292870258900971, 0.8291663267948995, 0.8291563165883155, 0.8290989428520457, 0.8251002577305152, 0.8245136595001036, 0.8236674407415928, 0.823559283535846, 0.8223271565188621, 0.8219493657166413, 0.8211545510625471, 0.8209989813841699, 0.8192219898520671, 0.8189154593807096, 0.8173092228441873, 0.817138006597672, 0.8161128744053054, 0.8157320680484274, 0.8149303916174812, 0.8145966124654038, 0.813881333831751, 0.813735432751897, 0.8133125106626059, 0.8132062311586566, 0.8125066269060318, 0.812302676592802, 0.8122246093468087, 0.8121649651312892, 0.811846764406458, 0.8116683987769803, 0.8103976556536668, 0.8103876593779413, 0.8099592057934448, 0.8099534997411107, 0.8089909627392752, 0.8085830789680792, 0.8080792436822317, 0.807801030240592, 0.8068660307988545, 0.8066238239491722, 0.8064811673047169, 0.8063186026187712, 0.8056461414738343, 0.805313331280038, 0.8042761752957049, 0.8041120721953685, 0.8024712612536309, 0.8024693261773547, 0.8019692719884168, 0.8018425023082204, 0.8018121787505481, 0.8012735297939985, 0.8002788248425619, 0.7999900626028162, 0.7999178992677759, 0.7997693243117577, 0.7993867924589961, 0.7990841699068635, 0.7989638250477933, 0.7986919312572587, 0.7980187760534555, 0.7978117870775765, 0.7966425708073083, 0.7964551971754059, 0.796123803342507, 0.7961022111371963, 0.7955780254541589, 0.7955351334806584, 0.7930726088014268, 0.7929457509753861, 0.7924723068751705, 0.7923680150644898, 0.7915059421066362, 0.7914690827173252, 0.7913888293364374, 0.7913701890964476, 0.7911826787912281, 0.7907145005854525, 0.7904231016569511, 0.7900607781726068, 0.7882359174560168, 0.7880170477197302, 0.7878955161657522, 0.7878361596643663, 0.7862672483700582, 0.7862276384340688, 0.7851161573541726, 0.7848714312990303, 0.7838728278272014, 0.7836711869801943, 0.7836562198091015, 0.7834541695129381, 0.7834043342587736, 0.7833591453575176, 0.7832295186767427, 0.7831008684021861, 0.7830400030915076, 0.7829352242595886, 0.7822914535169805, 0.7821698028380691, 0.782094742033465, 0.7815322619009152, 0.7808192857769604, 0.7806855282984823, 0.7770281047406165, 0.7765209375577162, 0.772021169052784, 0.7719283584844499, 0.7717967972623783, 0.7711585993818961, 0.7710853960789701, 0.7706954928147247, 0.7701934054968751, 0.7697361860998063, 0.7689117964453952, 0.7687380548452541, 0.7632762264212515, 0.763232182185026, 0.7623785310639671, 0.7614195273166555, 0.7609420169756026, 0.7609360539986127, 0.7589407185201981, 0.7588895586506492, 0.7587894787897965, 0.7585455779570435, 0.7584047992280195, 0.7581395614522258, 0.7569543265784009, 0.7569006448417346, 0.7530108881139649, 0.7527587485119542, 0.7523511619178577, 0.7522405297705824, 0.7519348025576742, 0.7519322703350106, 0.7495160276186996, 0.7495063108808946, 0.7493535757896448, 0.7490321418085146, 0.7480261175526435, 0.7475076806465184, 0.7474899586767657, 0.7473893497747457, 0.7473363641394358, 0.7472680198355001, 0.7445314847379161, 0.744395578551167, 0.742797228741156, 0.741979606671183, 0.7414878957458979, 0.7414676155766032, 0.7404741379300871, 0.7397954121880997, 0.7397776584246701, 0.7397566266918092, 0.7377669809023027, 0.7376520572261424, 0.7372779918303078, 0.7370119611572679, 0.7368899513138346, 0.7368640657638084, 0.7357080899784368, 0.735560666670985, 0.7352747324248093, 0.7351901761767833, 0.7337722654783942, 0.7336152288530333, 0.7329124169017026, 0.7325362492267488, 0.7324174937786873, 0.7321431814187971, 0.7317174758679863, 0.731046960105072, 0.7302647634806592, 0.73011781590129, 0.7295024143872978, 0.7289863407870044, 0.7280218958311034, 0.7279061048120841, 0.726109658357069, 0.7258610851391001, 0.7256909351107705, 0.7253468936272254, 0.723638395995356, 0.7235437842075235, 0.7229249132802895, 0.7225572199950225, 0.7223091441643907, 0.721818414436954, 0.7196590204002556, 0.7196255405377929, 0.7179454187131565, 0.7175284016737782, 0.7166342452294312, 0.7164589097239502, 0.7152896963826955, 0.7151937581349321, 0.7135150185752885, 0.7128755521561895, 0.7123266630152751, 0.7122348546928398, 0.7109765546430487, 0.7107132589481782, 0.7106607525849891, 0.7105698711969666, 0.71038939362414, 0.7103392538344504, 0.7103216767657312, 0.7102588866674571, 0.7088227388427315, 0.7085226154598923, 0.7071570267425593, 0.7071031343639408, 0.7052574573776114, 0.7049167431563683, 0.7021407104951295, 0.7014093210081274, 0.7002100914375721, 0.6994905807999638, 0.699038318521711, 0.6985481465398768, 0.6973926596372797, 0.6973263370895542, 0.6956501188337736, 0.6956184115329462, 0.6942301005708896, 0.6941894589118023, 0.692679402791879, 0.6923599103249818, 0.6922738726411496, 0.6922735795340009, 0.6903053650999903, 0.6902757851654323, 0.690010457165919, 0.6898599099805534, 0.6886922029766218, 0.6885927227586739, 0.6868891788472149, 0.6865220772094534, 0.6863859445801711, 0.6861473156494358, 0.6858063144734872, 0.6857548810643815, 0.6817187315952211, 0.6815786638723365, 0.6815784094548528, 0.6810400644734227, 0.680249868336246, 0.6802088187932459, 0.677694263952425, 0.6774335940381992, 0.6768586441097955, 0.6766961642444117, 0.6763660450188453, 0.6743596005306144, 0.6733623396640556, 0.6728697370807951, 0.6722077968200092, 0.6718478898361643, 0.6711603473060186, 0.6709680249695794, 0.6699082226204917, 0.6696647951315011, 0.6694885136229448, 0.6691828357627575, 0.6691603153642095, 0.6691017690684593, 0.6686401988757862, 0.6685586017173373, 0.6677674007610567, 0.6676054657204058, 0.6675936815481452, 0.6675414479399382, 0.6672221783021417, 0.6666270980514831, 0.6663679034519193, 0.6662864198264238, 0.666159674292739, 0.6659175965207136, 0.6657390336848051, 0.6654594679431025, 0.664987121161317, 0.6649367517646871, 0.6649031795014158, 0.6644745672411746, 0.6629458422426986, 0.662939640839911, 0.6615936845993876, 0.6610814280136191, 0.6604037870221612, 0.6602681842151806, 0.6594657633775302, 0.6592111428367323, 0.6571836600444748, 0.6571453909675554, 0.6548846118940973, 0.6548356056279456, 0.6543072839410482, 0.6542948696622265, 0.6529106573419138, 0.6527994449872101, 0.6511731499712429, 0.6509905472301198, 0.6497681055148746, 0.6497392355193226, 0.6487679464246201, 0.64869207736136, 0.6479260314968851, 0.6469561492969046, 0.6447758111435316, 0.6446187010420292, 0.639774708498701, 0.6396497140674845, 0.6384454173073881, 0.6375473410799867, 0.6374929507987385, 0.6374731233097924, 0.6371855245022129, 0.6370410575643652, 0.6358048356553794, 0.6355616880462389, 0.6334962593880993, 0.6332832371756193, 0.6329842216321114, 0.6327932396206287, 0.6324477641724977, 0.6324116610796909, 0.6322104679356337, 0.632168362647018, 0.6318280865099408, 0.6316418265736747, 0.631116639277886, 0.630725581103684, 0.6304473801340255, 0.6300763454177534, 0.6298861334612286, 0.6297034040881729, 0.6267483915271634, 0.6265844134892748, 0.6265437784135052, 0.6265373131831288, 0.62472648356389, 0.6246540041566386, 0.6240051913401595, 0.6239957473404516, 0.6224019330673646, 0.6222221923026005, 0.6185760257550847, 0.618345985934985, 0.617445841797306, 0.6173464911910501, 0.6167065664547285, 0.6164215749018029, 0.6156784554442869, 0.6155293340554183, 0.6147046503512364, 0.6145449848756882, 0.6140244386610385, 0.6138497837305122, 0.6133607594882553, 0.6133276697796315, 0.611855341585368, 0.6115949411474154, 0.6093667812285809, 0.6089746816521164, 0.6083598422629041, 0.6082122742504317, 0.6024027774377849, 0.6020582749685356, 0.5998875034983776, 0.5994369052073009, 0.5985237632384159, 0.5979747135342641, 0.5979176801430991, 0.5978674589328793, 0.5962697404562427, 0.5960097812253843, 0.5926913894590624, 0.5920081327488081, 0.5897861215763143, 0.5891456230024691, 0.5890836032784051, 0.5882822500268874, 0.5881766273832402, 0.5881537199088569, 0.5849382870536969, 0.5848582692101002, 0.5844408038703619, 0.5839852386750738, 0.583781773042838, 0.5837067627606294, 0.5818920803448538, 0.5813211834609089, 0.5812824839777228, 0.5812652981233413, 0.5806782684888726, 0.5804761491929493, 0.5790796978965663, 0.578457829280383, 0.5782236596727829, 0.5782151839779955, 0.5780032160260637, 0.5775076209600629, 0.5749096605990681, 0.5748772955824815, 0.5747208891929537, 0.5746440172422839, 0.5712876570298818, 0.569981420833412, 0.5697762032630728, 0.5697620620096492, 0.5687013530946402, 0.5685686329228187, 0.5680889708020125, 0.5680370985135036, 0.5660230133637787, 0.5658514970745954, 0.5656406294693226, 0.5655004203066123, 0.5651476015067138, 0.565011054429688, 0.5645134427801487, 0.5643296951658786, 0.562712524665951, 0.5622670200187, 0.5620679541738421, 0.5619597959598701, 0.561049741474836, 0.5610482256237367, 0.5602111877661428, 0.5601987520012149, 0.560058869300728, 0.5596553332701764, 0.5578341733109565, 0.5577223293512993, 0.5563215921491128, 0.5559805512915268, 0.5555007897036338, 0.5552062288677702, 0.55241093243675, 0.5523784569553746, 0.5516857435435736, 0.5514764746995766, 0.5494295842952753, 0.5493756148872405, 0.5472708544988809, 0.547122836785283, 0.5464926495524771, 0.5464051525496406, 0.5451144723491369, 0.5448397084480049, 0.5448274021355457, 0.5448059077847971, 0.5428162539128544, 0.5420472969648856, 0.5420299939758505, 0.5420285144091005, 0.5413993097690187, 0.5408318044265461, 0.5397543537367525, 0.5397002702931433, 0.5381723583457807, 0.5380822554551198, 0.5364381155830089, 0.5361138094429174, 0.5357417869431008, 0.5357034516314224, 0.5348201209518342, 0.534654671379076, 0.5339781441334596, 0.5337570258184847, 0.5329200605287586, 0.5327684455630846, 0.5320844508802521, 0.5320515154504798, 0.5319400671111666, 0.5318914465108345, 0.5315985731951418, 0.5314712821058762, 0.5311235174750003, 0.5305664656926543, 0.5299492715472736, 0.5297537551412033, 0.5295016894562279, 0.5294433674742787, 0.5280529736324372, 0.527722173055287, 0.5275555572207862, 0.5272536642407878, 0.5270542860270712, 0.5270394741449511, 0.5269477195802319, 0.5267493337387528, 0.5263284431587727, 0.5261566264493025, 0.5256332401350589, 0.5253386231690618, 0.5252955991701734, 0.5251398920307112, 0.5247952141494707, 0.5247005150002086, 0.5235416137522361, 0.5234455499843998, 0.5224147952713664, 0.5221774382885022, 0.5215919325583769, 0.5212163033176542, 0.519759085090544, 0.5194323394858331, 0.5183548018483362, 0.5180177416742444, 0.517737840885202, 0.5174945900817797, 0.5172032562126468, 0.5171535951448064, 0.5156492072385348, 0.5154806006229469, 0.5153571829754269, 0.5150733991388834, 0.5145965282207327, 0.5140958348652598, 0.5118166239838992, 0.5115119570755042, 0.5107268570431781, 0.5103719623576617, 0.5101909203569507, 0.5101696886637346, 0.5032874030962451, 0.5032784553436331, 0.5022225895535221, 0.5018572796795373, 0.5008410827839533, 0.5004319213154751, 0.49855112978072036, 0.4985272222166828, 0.4950277807671618, 0.49491797092499834, 0.4943522211493847, 0.4943404957464266, 0.49406713688021986, 0.4936876477053175, 0.49310058084050423, 0.4922794901817187, 0.49015415629098036, 0.49001677667172083, 0.4887522379710276, 0.48850527482780737, 0.488127872191098, 0.4874237347129682, 0.4858311863316136, 0.4854963534633603, 0.4839982368284418, 0.48378397012552077, 0.4828863680619475, 0.48265602378710515, 0.47946958179610777, 0.4794622902853073, 0.4780798147892562, 0.4778048178964208, 0.4769675574614023, 0.4769448187361086, 0.47679613819508393, 0.47653394356291245, 0.47601340138969983, 0.4758358370878827, 0.4757304337490983, 0.4756214516981523, 0.47545284061741333, 0.4750571885054722, 0.47407562900884415, 0.47343699692455044, 0.4734007966752676, 0.47318108440870976, 0.4700433284783112, 0.4699720772167809, 0.4690332783790814, 0.4690087130143237, 0.4686399913444399, 0.4683966656493733, 0.46649880338925387, 0.46609500559859207, 0.46537907493836406, 0.46507375642312887, 0.4641939749845526, 0.46413728976956203, 0.46190321900632314, 0.4617771237644225, 0.46122623965578335, 0.4609858883417324, 0.46049284593330597, 0.4602687494100005, 0.4581329347882369, 0.4575624010256525, 0.45670828198594693, 0.4566469548505028, 0.45659456084611194, 0.4563929419186038, 0.45611788021662414, 0.45591340285015036, 0.45300357070460384, 0.45278339454203076, 0.4525083692013693, 0.4524197746723445, 0.4522851241206943, 0.4518691386348662, 0.4489698650159095, 0.44894533107007106, 0.44782948376165477, 0.4477816880217931, 0.44607643932580965, 0.4460513148341103, 0.4434586611852255, 0.44343303111257704, 0.4432126506167222, 0.44317963678310457, 0.44261781575286185, 0.4426151366679122, 0.441325398970179, 0.4410428722426465, 0.4381724118053778, 0.43811963101138296, 0.43611969929604033, 0.43611158429302044, 0.43495803963961466, 0.4349296937495263, 0.4327407616547396, 0.43267296015493695, 0.43074783328163646, 0.4306843261968394, 0.4296449642574557, 0.42958621087734283, 0.4274736114555331, 0.4272347072612973, 0.42594842113815934, 0.42439172792656954, 0.42430043283131424, 0.42376679145074625, 0.42349706061092907, 0.42346210078518, 0.42151452980286774, 0.42116327342279614, 0.4206701089790682, 0.42047406979641677, 0.42037449043252184, 0.42029005325790647, 0.41989228808086343, 0.41974898206578204, 0.4193590644551607, 0.4191933512108994, 0.41918988659017764, 0.41868397763484866, 0.41819804261753357, 0.4177907926364568, 0.4175215153786931, 0.4175026738115615, 0.41548399951083714, 0.4154601876944154, 0.41456428536815404, 0.414386510936107, 0.414182633800785, 0.41374392388713355, 0.41163962218638683, 0.41145417356948377, 0.41123433072347315, 0.4108359649676322, 0.4103847472193559, 0.4100629654230151, 0.408439423489932, 0.4081721492607946, 0.4069970740834121, 0.40688711400498145, 0.4064853868257786, 0.4064225946051063, 0.40618878608003506, 0.4059912936873332, 0.4053379607123324, 0.4052293659204077, 0.4045407876320365, 0.40412743745264357, 0.40182804818246665, 0.4015417611630404, 0.40139356557928096, 0.4009754608840388, 0.4008102679636545, 0.4004272592558962, 0.39944177394190217, 0.39939893935408677, 0.39930870527690965, 0.39930344240001714, 0.3986371950636193, 0.3985393033789205, 0.3984722038921833, 0.3983594973116603, 0.39821863493996024, 0.3978778964893861, 0.39744972919537225, 0.3970104225611605, 0.39457779853698904, 0.3944221685053153, 0.394070746883727, 0.39396673230819323, 0.39388473294639037, 0.3937992808475044, 0.3931858259109755, 0.3922132664639568, 0.39050194747590394, 0.3904520354502168, 0.38940432382879897, 0.389026797487398, 0.388788258355093, 0.3885682671389239, 0.387730891883342, 0.38771273459985967, 0.38617767936527614, 0.386152949286914, 0.3854801743788716, 0.38535375172779884, 0.3848113707156433, 0.3843322388106962, 0.3834005265927143, 0.38330627996311917, 0.382694273948877, 0.382679531588192, 0.3825132800806035, 0.3823160500982241, 0.381349338567357, 0.38133302833300375, 0.3806657583012081, 0.380572283073371, 0.37955535075368296, 0.37928204710275626, 0.3769057494090955, 0.376489528656602, 0.37521642103793296, 0.37520701235505016, 0.37478757911482774, 0.3747805515041627, 0.37460892528933254, 0.37449153263096524, 0.3742263379413082, 0.37283531177124085, 0.3722548475343259, 0.37223855546075546, 0.3717741558234997, 0.37168317437181353, 0.37160411270606875, 0.3715644473377605, 0.37103956995833876, 0.3706932392985859, 0.36932655717804574, 0.3689034769622974, 0.3653821184302124, 0.3651728649437366, 0.3630501171364825, 0.3623764250079611, 0.3572539881115736, 0.35722830661032656, 0.35643578375440665, 0.3561446036848359, 0.35581102580778023, 0.3555312405689832, 0.3553935887898606, 0.35506573292433574, 0.35444726982797425, 0.3543929194196812, 0.35271390561815075, 0.35268285035792835, 0.35259519465474276, 0.35116162756522595, 0.3508290420854334, 0.35070653521320183, 0.35044679725267514, 0.3501193577121201, 0.349184942598338, 0.3489681577203656, 0.3488099742928422, 0.3487871488008286, 0.3487804674977909, 0.34863136530798733, 0.34830436360355854, 0.3482783721318401, 0.3474331886834856, 0.3461695403762485, 0.3439752830737357, 0.34375971500218105, 0.34320179349362157, 0.3431885257724717, 0.3428986092006542, 0.34263150924379504, 0.342532706140409, 0.34237882392887997, 0.3416402443297284, 0.3413957284615746, 0.3409109123416165, 0.34064533361403115, 0.33648546925951384, 0.3359518729517853, 0.3354530172170854, 0.3348381625936977, 0.3340734380238565, 0.3339780771478813, 0.3334222575562973, 0.333253685847242, 0.33226563274596255, 0.3320869444876673, 0.3314804838076414, 0.3313630665096292, 0.33085358779571894, 0.3307741637186048, 0.32998719808262567, 0.3298111761330642, 0.32962170681762715, 0.3288802425207943, 0.32786529344178217, 0.32784827752025036, 0.32780463650889213, 0.3277703161684664, 0.32723961202761065, 0.32706877866511463, 0.3267149385121293, 0.32662097495662445, 0.32460005881762877, 0.32428833677018476, 0.3233355278647966, 0.3230247581210801, 0.3217926051930101, 0.32173088407009276, 0.32136798952414425, 0.32123980356709403, 0.32078687984047605, 0.3207200224360601, 0.3182413983395429, 0.3179571191098328, 0.317909106583935, 0.31772548121603594, 0.31668142249611964, 0.3163159673019431, 0.31605684818550284, 0.3157423603921409, 0.3153128428326104, 0.31526779049851017, 0.31509914919537707, 0.3150442701183297, 0.3147995587604653, 0.314653825298971, 0.31221329683019705, 0.31150600730966893, 0.3110657742616706, 0.31056785547771815, 0.30916742627585214, 0.30901611868173107, 0.30832521950133984, 0.307925216231426, 0.30790035008114525, 0.30773339995771654, 0.3048327646545166, 0.3047690123491804, 0.3030694848545601, 0.3029726653809178, 0.30229529925083376, 0.3019872859721452, 0.3015398904840798, 0.30146067039597535, 0.30106695907610403, 0.30086950481091124, 0.2984404419680783, 0.29803241495043, 0.2976702289924622, 0.29686755379475693, 0.2958177464266881, 0.29579622626978364, 0.2928130106781941, 0.291547163396888, 0.2914233576029057, 0.29120626010538386, 0.29023698711403045, 0.2901426770082045, 0.28964233520296134, 0.2894061673576549, 0.2886352276860049, 0.2882674372874726, 0.2871171039817001, 0.28708889134633586, 0.28674391995086734, 0.2866369224771218, 0.28577560973393235, 0.28488763843827924, 0.28197094440587445, 0.2814351958734548, 0.2781319788550668, 0.277772142967196, 0.2772421706386555, 0.2768765684282627, 0.2730626567653651, 0.2729574226241298, 0.2720837112375054, 0.2716091165690985, 0.2708022597457632, 0.2706726304966427, 0.26987961372542, 0.2698597748797078, 0.26661452660829954, 0.26566341988513265, 0.26214860421156694, 0.26207623599577834, 0.26166600037298804, 0.26123353852822395, 0.2611978385927236, 0.25994609870125185, 0.25913346877723964, 0.25902811223523503, 0.2579749328048683, 0.25786075070683656, 0.2573146369931477, 0.25717989425938703, 0.2564343045177636, 0.25590636063135896, 0.2526682161343128, 0.25259859347529556, 0.2525376559433091, 0.25233639504652483, 0.252020935114469, 0.25190009280730585, 0.24762578028428128, 0.24753001766704708, 0.24680690464347965, 0.24666026027702193, 0.24597752417626428, 0.24593432866569986, 0.24273573065491627, 0.24239509244350244, 0.2418605346753615, 0.24125929055319895, 0.24019143684869892, 0.2401877082665529, 0.23858523963417155, 0.2382977919147926, 0.23805951293901373, 0.23729834271914374, 0.236564161364186, 0.2365182147392325, 0.23646189129787654, 0.23637213991356676, 0.23545695951124512, 0.23525754801875043, 0.23494107843165968, 0.23483584905900678, 0.2348134934286198, 0.23466783442196903, 0.23321419251355746, 0.23299394889613767, 0.232890885219309, 0.23281031649493655, 0.23268589513559135, 0.23258371586544258, 0.2325789753983284, 0.23217299274527992, 0.23174705690584152, 0.23146442747031948, 0.23099260686496992, 0.23085909608920463, 0.23037041686049753, 0.23020057690540374, 0.22874877492211854, 0.22850397517549703, 0.22747092881122566, 0.2272729492835437, 0.226744669323373, 0.22665717698902665, 0.22519292645131794, 0.22502233025467577, 0.22210831687865285, 0.22187432731852252, 0.22125031692021724, 0.2207347236699453, 0.21770583920521713, 0.21758970895273333, 0.216225735675451, 0.21586855514717296, 0.21269406219673626, 0.21264293895626085, 0.21055274881181152, 0.21053871490558496, 0.20880568003878808, 0.20854544309791223, 0.20754838982939283, 0.20736570975540192, 0.20722242901232513, 0.2070131246938457, 0.20659310356715754, 0.20563328080072174, 0.2053697242620397, 0.20531052240602954, 0.2051541692496477, 0.20513051290388673, 0.2030363858508787, 0.20292725598327865, 0.202661673892368, 0.20260607275201314, 0.20106126907782085, 0.2001196138980702, 0.20010364735999364, 0.19997204988126238, 0.1985148453896749, 0.1984903353994527, 0.1983019597512733, 0.1982868408842483, 0.19268427996334037, 0.19220764660975398, 0.19214515419876943, 0.19178623930292782, 0.191632189604363, 0.1916202255437468, 0.19149275919048492, 0.19145296406277656, 0.18948618434112108, 0.18916690071656828, 0.1890644750584376, 0.18840633985505872, 0.18694787302976978, 0.18688080611022717, 0.18644499699672823, 0.18643360085031402, 0.186169230497512, 0.18593561464417618, 0.18552314747064114, 0.18535556337327153, 0.1845270204956424, 0.1843899856375183, 0.183525440312444, 0.18337817828830694, 0.1828284638266765, 0.18093549302799428, 0.18032391782752555, 0.18030268955795326, 0.1795809359780366, 0.17915839165228598, 0.1790643417866381, 0.17892803468504836, 0.176947547965859, 0.1769392847160829, 0.17658194759824208, 0.17652976848851898, 0.1759772151269744, 0.17561786698170212, 0.17559573138645368, 0.17549387715924059, 0.17542668264528738, 0.17520957395454506, 0.17323963717301072, 0.17250166238736597, 0.17116211597753705, 0.1710534521583017, 0.17033223429660238, 0.17030012705949094, 0.1679471468684528, 0.16735581156945833, 0.16715371399842205, 0.16712581307792718, 0.16522136675660037, 0.16513870398984687, 0.16479763670954017, 0.1647133815210301, 0.1623504021107387, 0.1621845981770902, 0.16126839100697432, 0.16124548897696145, 0.16010972486268726, 0.15996417015658515, 0.15548786396988512, 0.15532008338717673, 0.15406510255387185, 0.15374335331149902, 0.15023779016995065, 0.15004604270670052, 0.15004524878805225, 0.1499594624618832, 0.14824801092989914, 0.14821544802793785, 0.14726244944911204, 0.1470479614369531, 0.1456687063841291, 0.1455747619416241, 0.14549426622825223, 0.14496683299429003, 0.14487264415955747, 0.14474591680620696, 0.14433474643467936, 0.14422748811664632, 0.1440447805990409, 0.14366059872955617, 0.14304986246199936, 0.14296255387810497, 0.14266657471139277, 0.14217710849073228, 0.1421698543029123, 0.14196613756576038, 0.14006024425886165, 0.13962963004117213, 0.13945871633065066, 0.13941598287672752, 0.13746058801294225, 0.13727274658548638, 0.1365226119657249, 0.1363607971430072, 0.13365363100616867, 0.13333668597341441, 0.13315854290075424, 0.13312726290678123, 0.13173744513670171, 0.1315197626229334, 0.13065685791440884, 0.13038549524281606, 0.13010090806019026, 0.1300362442837626, 0.12949416516541978, 0.1293355812330903, 0.1288022976600266, 0.12877602416795697, 0.1279461829855334, 0.12794459212112985, 0.1278497787583428, 0.12764312495150498, 0.12760404375192336, 0.127509029697898, 0.12663878380793403, 0.12652651125073744, 0.1264745099017882, 0.12611064426087726, 0.1236836174520155, 0.12362979983998201, 0.12352476160185577, 0.1234573205994195, 0.12259985252844252, 0.12251136300988719, 0.12250109647404095, 0.12235970045736366, 0.12183713477052438, 0.12156413771766084, 0.12036479016657076, 0.12010970525033793, 0.11967356147633745, 0.11942130767519221, 0.11886408568812368, 0.11882849765145509, 0.11878498247197433, 0.11868146049217299, 0.11833741086908911, 0.11763911848355668, 0.11641043806089701, 0.11628516423368995, 0.11554053160091637, 0.11546311192110315, 0.11508727553774178, 0.11496270029725275, 0.11340266849238023, 0.11324569511965721, 0.11268286598669808, 0.11265633343960124, 0.11263543728429215, 0.11262245390352987, 0.10388012845341899, 0.10353223125979161, 0.10310670322978677, 0.10225583467471522, 0.10217778431730484, 0.10203542917407549, 0.10098771777819626, 0.10049069186743043, 0.10001691231676213, 0.0997289583212162, 0.0985120024573416, 0.09848926475576791, 0.09705060179118896, 0.09692343329528719, 0.0969165057717084, 0.09684173605065627, 0.09617096377199874, 0.09538363620059331, 0.09431622083814095, 0.09430774260645292, 0.09410806926125992, 0.09400708775035194, 0.09389414239938021, 0.09382862960219218, 0.09325565693316107, 0.09318622124288956, 0.0931469102500545, 0.0928356908788005, 0.09074892937153589, 0.0903565020181486, 0.08850878201047141, 0.08797457998356739, 0.08788018263878006, 0.08777511327237231, 0.08755048244827224, 0.0875164794814206, 0.08643664453769473, 0.08620085466267291, 0.08614547346101487, 0.08613219600654276, 0.08441935966433045, 0.08413545054772553, 0.08250718423405845, 0.08225290289870768, 0.07766003750297523, 0.07751666647501432, 0.0758006989164044, 0.07569713504801512, 0.07397120441046279, 0.0737452969935668, 0.07172090591478697, 0.07085557945148668, 0.06999955447237405, 0.06994563228705974, 0.06774401300566113, 0.06769821179797775, 0.06700237135706599, 0.06691829872811517, 0.06598302078814977, 0.06545585900409046, 0.06425548601898046, 0.06418950331454398, 0.05976761781700202, 0.059727927598446584, 0.059635688662660336, 0.05953835111962913, 0.058774609177747905, 0.05871302516217636, 0.058449822956848085, 0.05822317684305034, 0.055160405884182584, 0.0551208098750271, 0.054818257717078156, 0.0547445986169417, 0.0543652445207653, 0.054244568974235574, 0.054154827821166984, 0.05400998597140405, 0.05328388595461975, 0.05315178689913369, 0.05301184474873233, 0.05231740242975691, 0.051008598002727834, 0.05095057198779007, 0.05051363777975659, 0.05038581672970954, 0.050177180532903765, 0.05002227652938718, 0.04995063509359088, 0.04980657922705223, 0.04963180710165649, 0.04946921819829453, 0.04908931117617965, 0.04899584721709027, 0.047565533070424104, 0.04749687254230284, 0.04673920657084052, 0.04651172205051335, 0.04593410165669787, 0.04580243936913464, 0.04473924183129552, 0.04398835914069632, 0.04258803882762385, 0.04209405184276427, 0.03895893606188061, 0.038894009125777895, 0.038556579859884144, 0.03821585575475217, 0.03817750032689449, 0.037958101648480236, 0.0376325520154247, 0.03760694140008969, 0.03625839044840473, 0.03581407646843027, 0.03480953767952266, 0.034746582494721734, 0.03423800535907673, 0.034023229719161385, 0.0322541645038914, 0.03215976341885751, 0.03133799453624764, 0.03126278644257385, 0.02994865129463309, 0.029726137069802427, 0.028310349025253867, 0.028251589171263802, 0.027646034473202796, 0.02632681754502475, 0.02511295038406014, 0.024835661239780094, 0.024701292855641044, 0.024040608519491746, 0.023510453562391898, 0.023354161673356022, 0.02325484934044253, 0.023106054405645726, 0.023042025222796525, 0.022534625617334214, 0.021049631270979807, 0.02062416784594956, 0.020290663050150592, 0.01973355584107117, 0.018688112171016846, 0.017930933578894415, 0.017423169739176902, 0.0161503333198163, 0.01588921092857487, 0.015719567280625513, 0.014334009995589758, 0.014302783548311604, 0.011008114305188, 0.010789642008288691, 0.01077301071589254, 0.010279476826086653, 0.008110161804082416, 0.007800085230988074, 0.00521776960128284, 0.005022587252675237, 0.002588161766172492, 0.0025488304668559447, 0.0011243300182591787, 0.000949107138224603, 0.00015253657424274536
