Detector: image_classifier
Area Under ROC (overall): 0.998943450250537
# benign: 1000    # malign: 4191

AUC by adversary (all benign vs that adversary's malign, weakest detection first):
  tetwild                          AUC=0.9981  (# malign: 691)
  disconnected                     AUC=0.9983  (# malign: 700)
  rigid                            AUC=0.9984  (# malign: 700)
  degenerate                       AUC=0.9992  (# malign: 700)
  faceswap                         AUC=0.9998  (# malign: 700)
  jitter                           AUC=0.9998  (# malign: 700)

Overall ROC curve:
False Positive Rates 0.0, 0.0, 0.0, 0.0, 0.001, 0.001, 0.002, 0.002, 0.002, 0.002, 0.002, 0.002, 0.002, 0.002, 0.002, 0.002, 0.002, 0.002, 0.002, 0.002, 0.002, 0.002, 0.002, 0.002, 0.002, 0.002, 0.002, 0.002, 0.002, 0.002, 0.002, 0.002, 0.002, 0.002, 0.002, 0.002, 0.002, 0.002, 0.002, 0.002, 0.002, 0.002, 0.002, 0.002, 0.002, 0.002, 0.002, 0.002, 0.002, 0.002, 0.002, 0.002, 0.002, 0.002, 0.002, 0.002, 0.002, 0.002, 0.002, 0.002, 0.002, 0.002, 0.002, 0.002, 0.002, 0.002, 0.002, 0.002, 0.002, 0.002, 0.002, 0.002, 0.002, 0.002, 0.002, 0.002, 0.002, 0.002, 0.002, 0.002, 0.002, 0.002, 0.002, 0.002, 0.002, 0.002, 0.002, 0.002, 0.002, 0.002, 0.002, 0.002, 0.002, 0.002, 0.002, 0.002, 0.002, 0.002, 0.002, 0.002, 0.002, 0.002, 0.002, 0.002, 0.002, 0.002, 0.002, 0.002, 0.002, 0.002, 0.002, 0.002, 0.002, 0.002, 0.002, 0.002, 0.002, 0.002, 0.002, 0.002, 0.002, 0.002, 0.002, 0.002, 0.002, 0.002, 0.002, 0.002, 0.002, 0.002, 0.002, 0.002, 0.002, 0.002, 0.002, 0.002, 0.002, 0.002, 0.002, 0.002, 0.002, 0.002, 0.002, 0.002, 0.002, 0.002, 0.002, 0.002, 0.002, 0.002, 0.002, 0.002, 0.002, 0.002, 0.002, 0.002, 0.002, 0.002, 0.002, 0.002, 0.002, 0.002, 0.002, 0.002, 0.002, 0.002, 0.002, 0.002, 0.002, 0.002, 0.002, 0.002, 0.002, 0.002, 0.002, 0.002, 0.002, 0.002, 0.002, 0.002, 0.002, 0.002, 0.002, 0.002, 0.002, 0.002, 0.002, 0.002, 0.002, 0.002, 0.003, 0.003, 0.004, 0.004, 0.004, 0.004, 0.004, 0.004, 0.004, 0.004, 0.004, 0.004, 0.004, 0.004, 0.004, 0.004, 0.004, 0.004, 0.005, 0.005, 0.006, 0.006, 0.007, 0.007, 0.008, 0.008, 0.009, 0.009, 0.01, 0.01, 0.011, 0.011, 0.012, 0.012, 0.016, 0.016, 0.02, 0.02, 0.037, 0.037, 0.048, 0.048, 0.058, 0.058, 0.105, 0.107, 0.41, 0.412, 0.877, 0.879, 0.992, 1.0
True Positive Rates 0.0, 0.5025053686471009, 0.5521355285134812, 0.5748031496062992, 0.5917442137914579, 0.6139346218086376, 0.6261035552374135, 0.6616559293724648, 0.6726318301121451, 0.6774039608685278, 0.690050107372942, 0.700548795036984, 0.704127893104271, 0.707468384633739, 0.7103316630875686, 0.7186828919112384, 0.7239322357432594, 0.7282271534240038, 0.7313290384156526, 0.7327606776425674, 0.7344309234073013, 0.7370555953233119, 0.7384872345502267, 0.7470770699117156, 0.7485087091386304, 0.7516105941302792, 0.7566213314244811, 0.758291577189215, 0.7587687902648532, 0.7604390360295872, 0.7633023144834169, 0.7649725602481507, 0.7652111667859699, 0.7661655929372465, 0.7673586256263422, 0.7683130517776187, 0.7702219040801718, 0.7716535433070866, 0.7735623956096397, 0.7738010021474588, 0.7752326413743736, 0.7764256740634693, 0.7773801002147459, 0.7778573132903842, 0.7795275590551181, 0.7814364113576712, 0.7833452636602243, 0.7850155094249582, 0.7854927225005965, 0.786447148651873, 0.7871629682653305, 0.7919350990217132, 0.7921737055595324, 0.793366738248628, 0.795036984013362, 0.7959914101646385, 0.7967072297780959, 0.7976616559293724, 0.7990932951562872, 0.8000477213075639, 0.8012407539966595, 0.80386542591267, 0.8043426389883083, 0.8050584586017657, 0.8060128847530422, 0.807444523979957, 0.8086375566690527, 0.809114769744691, 0.8103078024337866, 0.8112622285850632, 0.8115008351228824, 0.8157957528036268, 0.8162729658792651, 0.8172273920305416, 0.8184204247196373, 0.8193748508709139, 0.8203292770221904, 0.8208064900978287, 0.8210450966356478, 0.8217609162491052, 0.8227153424003818, 0.8234311620138391, 0.8239083750894775, 0.824862801240754, 0.8253400143163923, 0.8262944404676689, 0.8277260796945837, 0.8279646862324027, 0.828441899308041, 0.8291577189214985, 0.8293963254593176, 0.8298735385349558, 0.830112145072775, 0.8305893581484133, 0.8310665712240516, 0.8317823908375089, 0.8322596039131472, 0.8332140300644237, 0.833691243140062, 0.8339298496778812, 0.8346456692913385, 0.8351228823669768, 0.8358387019804343, 0.8363159150560725, 0.83703173466953, 0.8372703412073491, 0.8384633738964448, 0.8389405869720831, 0.8394178000477213, 0.8398950131233596, 0.8413266523502744, 0.8418038654259127, 0.84251968503937, 0.8432355046528275, 0.844189930804104, 0.8453829634931997, 0.8458601765688379, 0.8468146027201146, 0.8470532092579337, 0.847769028871391, 0.8487234550226677, 0.8489620615604867, 0.849439274636125, 0.8496778811739442, 0.8501550942495825, 0.8506323073252207, 0.851109520400859, 0.8515867334764973, 0.8520639465521356, 0.8532569792412312, 0.8537341923168695, 0.854688618468146, 0.8551658315437843, 0.8558816511572417, 0.8568360773085183, 0.8587449296110713, 0.8592221426867096, 0.8596993557623479, 0.8601765688379862, 0.8608923884514436, 0.8623240276783584, 0.8628012407539967, 0.863278453829635, 0.8637556669052732, 0.8649486995943689, 0.8654259126700071, 0.8661417322834646, 0.8670961584347411, 0.8680505845860177, 0.8694822238129325, 0.8701980434263898, 0.8706752565020281, 0.8711524695776665, 0.8718682891911238, 0.8723455022667621, 0.8728227153424004, 0.8730613218802196, 0.8735385349558578, 0.8747315676449535, 0.8752087807205917, 0.8754473872584109, 0.8768790264853257, 0.877356239560964, 0.8780720591744213, 0.8785492722500596, 0.8787878787878788, 0.8792650918635171, 0.8823669768551659, 0.8828441899308042, 0.884514435695538, 0.8849916487711763, 0.8866618945359103, 0.8871391076115486, 0.8880935337628251, 0.8890479599141017, 0.8895251729897399, 0.8900023860653782, 0.8940586972083036, 0.8945359102839417, 0.8981150083512288, 0.8985922214268671, 0.8990694345025053, 0.8995466475781436, 0.9005010737294202, 0.9009782868050584, 0.9028871391076115, 0.9033643521832498, 0.9086136960152709, 0.9090909090909091, 0.9126700071581961, 0.9126700071581961, 0.9169649248389405, 0.9169649248389405, 0.9179193509902172, 0.9183965640658555, 0.9214984490575042, 0.9219756621331424, 0.9234073013600572, 0.9238845144356955, 0.9305654974946314, 0.9310427105702697, 0.9343832020997376, 0.9348604151753758, 0.937007874015748, 0.9374850870913863, 0.9568122166547364, 0.9603913147220234, 0.984251968503937, 0.984251968503937, 0.985922214268671, 0.985922214268671, 0.9923645907897877, 0.9923645907897877, 0.9928418038654259, 0.9928418038654259, 0.9949892627057981, 0.9949892627057981, 0.9952278692436173, 0.9952278692436173, 0.9973753280839895, 0.9973753280839895, 0.9978525411596277, 0.9978525411596277, 0.998329754235266, 0.998329754235266, 0.9990455738487235, 0.9990455738487235, 0.9992841803865425, 0.9992841803865425, 0.9995227869243617, 0.9995227869243617, 0.9997613934621808, 0.9997613934621808, 1.0, 1.0, 1.0, 1.0, 1.0, 1.0, 1.0, 1.0, 1.0
Thresholds inf, 1.0, 0.9999998807907104, 0.9999997615814209, 0.9999996423721313, 0.9999995231628418, 0.9999994039535522, 0.9999992847442627, 0.9999991655349731, 0.9999990463256836, 0.999998927116394, 0.9999986886978149, 0.9999985694885254, 0.9999984502792358, 0.9999983310699463, 0.9999982118606567, 0.9999980926513672, 0.9999978542327881, 0.9999977350234985, 0.999997615814209, 0.9999974966049194, 0.9999973773956299, 0.9999972581863403, 0.9999971389770508, 0.9999970197677612, 0.9999969005584717, 0.9999967813491821, 0.9999966621398926, 0.999996542930603, 0.9999964237213135, 0.9999963045120239, 0.9999961853027344, 0.9999960660934448, 0.9999959468841553, 0.9999958276748657, 0.9999957084655762, 0.9999955892562866, 0.9999953508377075, 0.999995231628418, 0.9999951124191284, 0.9999949932098389, 0.9999948740005493, 0.9999947547912598, 0.9999946355819702, 0.9999945163726807, 0.9999943971633911, 0.999994158744812, 0.9999940395355225, 0.9999939203262329, 0.9999938011169434, 0.9999936819076538, 0.9999935626983643, 0.9999934434890747, 0.9999933242797852, 0.9999932050704956, 0.999993085861206, 0.9999929666519165, 0.999992847442627, 0.9999927282333374, 0.9999926090240479, 0.9999924898147583, 0.9999923706054688, 0.9999922513961792, 0.9999921321868896, 0.9999918937683105, 0.999991774559021, 0.9999916553497314, 0.9999912977218628, 0.9999911785125732, 0.9999910593032837, 0.9999909400939941, 0.9999908208847046, 0.999990701675415, 0.9999905824661255, 0.9999904632568359, 0.9999902248382568, 0.9999901056289673, 0.9999898672103882, 0.9999897480010986, 0.9999896287918091, 0.9999895095825195, 0.99998939037323, 0.9999892711639404, 0.9999891519546509, 0.9999887943267822, 0.9999886751174927, 0.9999884366989136, 0.999988317489624, 0.9999881982803345, 0.9999878406524658, 0.9999877214431763, 0.9999874830245972, 0.9999873638153076, 0.9999872446060181, 0.9999868869781494, 0.9999867677688599, 0.9999866485595703, 0.9999861717224121, 0.9999860525131226, 0.999985933303833, 0.9999858140945435, 0.9999853372573853, 0.9999852180480957, 0.9999847412109375, 0.999984622001648, 0.9999845027923584, 0.9999842643737793, 0.9999841451644897, 0.999983549118042, 0.9999834299087524, 0.9999830722808838, 0.9999829530715942, 0.999982476234436, 0.9999822378158569, 0.9999819993972778, 0.9999818801879883, 0.9999816417694092, 0.9999814033508301, 0.9999812841415405, 0.999981164932251, 0.9999810457229614, 0.9999809265136719, 0.9999806880950928, 0.9999805688858032, 0.9999803304672241, 0.999980092048645, 0.9999799728393555, 0.9999794960021973, 0.9999793767929077, 0.9999781847000122, 0.9999779462814331, 0.9999768733978271, 0.9999767541885376, 0.9999762773513794, 0.9999759197235107, 0.9999741315841675, 0.9999740123748779, 0.9999734163284302, 0.9999731779098511, 0.999972939491272, 0.9999711513519287, 0.9999709129333496, 0.999970555305481, 0.9999704360961914, 0.9999685287475586, 0.999968409538269, 0.9999676942825317, 0.9999673366546631, 0.9999657869338989, 0.9999653100967407, 0.9999644756317139, 0.9999642372131348, 0.999962568283081, 0.9999624490737915, 0.9999622106552124, 0.9999617338180542, 0.9999616146087646, 0.9999613761901855, 0.9999604225158691, 0.9999594688415527, 0.9999593496322632, 0.9999582767486572, 0.999957799911499, 0.9999576807022095, 0.9999575614929199, 0.9999572038650513, 0.9999570846557617, 0.9999513626098633, 0.9999507665634155, 0.999945878982544, 0.9999452829360962, 0.9999430179595947, 0.9999426603317261, 0.9999414682388306, 0.9999407529830933, 0.999940037727356, 0.9999395608901978, 0.9999337196350098, 0.9999328851699829, 0.9999232292175293, 0.9999223947525024, 0.9999191761016846, 0.9999189376831055, 0.9999175071716309, 0.9999172687530518, 0.9999096393585205, 0.9999088048934937, 0.9998892545700073, 0.9998891353607178, 0.9998708963394165, 0.9998694658279419, 0.999849796295166, 0.9998493194580078, 0.9998399019241333, 0.9998397827148438, 0.9998185038566589, 0.9998157620429993, 0.9998065829277039, 0.9998055100440979, 0.9997443556785583, 0.9997419714927673, 0.9997109770774841, 0.9997105002403259, 0.9996742010116577, 0.9996740818023682, 0.9989703893661499, 0.9989674091339111, 0.988462507724762, 0.988165020942688, 0.9831019043922424, 0.9828757643699646, 0.9082632064819336, 0.9074010848999023, 0.8951532244682312, 0.8903667330741882, 0.8242904543876648, 0.821166455745697, 0.7995847463607788, 0.7866931557655334, 0.5961152911186218, 0.59610915184021, 0.45240092277526855, 0.389737606048584, 0.34072574973106384, 0.22620685398578644, 0.1819348931312561, 0.0812491923570633, 0.07282450795173645, 0.017663706094026566, 0.01699936017394066, 0.006576835177838802, 0.006419988349080086, 0.004427600186318159, 0.004308520350605249, 0.0008350826683454216, 0.0008123205625452101, 1.3867836059944239e-05, 1.3864660104445647e-05, 8.375018722972527e-08, 8.326946954184677e-08, 3.0775846281139163e-12, 0.0
